76
111
114
101
109
32
105
112
115
117
261
100
111
108
258
32
115
105
116
32
97
109
101
116
44
32
99
111
110
115
101
99
116
279
117
114
276
100
263
105
115
99
105
110
103
32
101
108
274
46
32
73
110
262
100
32
104
101
110
100
259
114
274
32
291
110
97
306
77
258
98
105
32
118
101
115
116
105
98
117
108
266
320
114
322
32
113
117
296
32
304
98
101
114
111
32
333
110
298
100
117
110
280
302
103
279
32
102
101
117
103
105
97
275
97
114
99
117
32
109
97
108
331
117
97
100
323
32
77
97
291
345
303
101
105
364
315
363
365
367
369
32
110
101
343
101
276
99
329
331
333
335
337
109
306
81
344
115
401
302
374
336
116
318
298
331
398
334
104
281
117
275
313
315
317
319
116
258
433
114
306
68
413
272
101
311
118
336
112
427
369
402
445
114
117
115
324
97
287
314
97
115
346
97
298
110
368
282
284
286
343
397
263
265
109
281
299
329
371
105
451
32
449
477
419
296
333
415
101
361
116
437
284
287
310
405
104
105
373
108
97
32
106
451
433
472
311
112
434
497
479
452
32
65
304
467
261
418
420
105
422
376
378
265
381
497
115
97
112
516
309
286
311
109
269
406
516
306
67
291
97
327
116
291
320
275
376
115
36
49
497
406
306
80
303
545
314
289
414
117
448
104
371
279
114
497
429
316
349
319
399
415
427
262
109
112
349
294
279
306
85
275
105
571
573
516
542
97
103
341
349
111
115
281
528
474
318
477
110
336
545
497
103
561
118
105
382
398
287
306
78
357
404
497
462
98
104
342
439
539
114
525
458
102
386
298
335
458
504
114
116
497
547
275
378
111
46
10
545
67
561
458
283
315
579
553
338
356
328
273
370
278
275
114
104
284
373
638
291
265
508
325
114
327
405
108
272
524
526
663
367
116
545
296
281
481
332
105
415
611
613
646
276
648
281
330
493
495
547
304
487
32
68
489
404
514
494
422
268
270
292
497
330
686
478
558
259
419
97
590
441
375
369
669
458
289
108
545
477
563
431
687
80
350
473
712
714
458
321
705
708
120
579
594
490
462
115
662
365
281
377
674
556
275
102
299
334
477
347
587
306
83
707
460
276
372
374
362
696
260
464
640
278
358
338
330
673
408
266
576
275
362
504
265
349
402
499
332
632
32
70
451
99
402
496
258
101
545
583
585
628
398
608
346
111
98
434
345
599
97
601
382
606
596
546
276
275
330
399
322
333
458
512
799
713
546
261
445
108
601
322
292
365
302
700
569
737
401
687
308
289
361
292
399
609
99
714
109
523
309
725
549
720
309
110
284
788
354
276
366
556
747
749
459
782
784
32
644
472
309
389
759
539
261
773
433
838
111
473
518
379
521
853
344
360
362
699
319
112
702
560
726
678
277
362
289
571
271
648
480
260
625
633
545
86
105
118
277
477
382
525
623
788
811
522
319
880
542
290
458
781
259
852
893
593
508
308
32
650
652
477
530
811
345
722
49
451
281
343
920
299
355
357
275
111
294
351
443
108
445
627
289
262
110
810
597
261
397
631
939
32
931
105
351
625
627
478
336
816
371
306
69
333
277
272
931
377
422
861
351
101
120
281
841
309
353
928
358
352
291
618
276
511
739
541
838
454
286
974
639
893
919
458
258
817
402
567
556
871
275
951
383
550
811
553
331
415
921
477
587
589
666
274
710
363
460
105
304
273
458
469
338
369
736
979
960
682
494
336
547
332
606
960
750
639
286
288
290
292
364
1014
982
331
553
272
778
295
275
294
1029
996
954
299
371
329
892
349
597
306
65
314
101
97
309
397
109
328
327
348
315
266
281
915
354
480
976
345
427
281
896
743
458
548
32
636
457
302
102
669
298
616
969
800
698
274
454
32
795
797
497
692
779
1007
1036
388
120
375
531
673
402
376
387
1007
699
757
103
994
318
656
820
319
879
648
375
905
534
637
757
987
1010
406
394
114
858
338
258
298
853
105
585
296
669
471
491
918
532
1106
905
914
651
1070
452
634
49
1081
458
732
328
507
671
887
477
865
1144
602
472
580
114
574
428
314
564
318
930
372
105
437
439
378
288
477
965
281
112
703
476
261
830
346
287
539
1152
284
281
639
1112
780
117
1176
458
386
1192
306
257
259
261
1017
267
269
271
1118
279
1190
465
1186
1034
293
295
297
299
301
303
305
688
439
620
1194
1077
953
450
458
1207
275
595
844
112
496
779
561
275
1031
400
380
718
839
478
1181
643
664
898
910
476
508
80
558
286
811
886
883
292
769
556
259
708
786
281
819
951
669
435
663
525
314
1093
600
602
698
303
848
311
1175
1187
751
373
706
1163
302
578
358
573
338
1161
1083
1085
274
540
819
1114
451
941
812
403
661
319
745
350
453
1108
701
559
704
736
846
780
97
851
49
767
1084
49
494
1291
292
283
109
545
931
111
1262
332
853
1205
1319
284
1192
302
350
1007
639
294
1130
261
270
792
626
345
304
1112
496
1327
696
1283
423
273
534
536
538
540
98
496
640
359
1343
1025
491
1076
898
523
667
710
1262
700
945
1320
1322
268
914
296
923
1298
101
1315
1317
616
614
960
1301
351
970
375
1172
1149
719
864
856
374
695
271
873
718
551
49
1001
555
992
490
286
1282
725
681
1091
402
882
625
1185
775
607
844
716
565
803
1218
275
523
1268
110
1179
1397
1399
415
875
1306
561
339
341
1023
684
614
296
1038
984
370
1111
994
948
775
1250
457
1397
477
1355
1059
294
370
404
1230
404
591
986
377
710
306
913
1233
917
457
597
1068
1146
653
491
732
734
117
1262
413
530
311
115
962
519
845
1198
307
309
1232
460
349
397
1484
1229
842
1045
261
918
1366
398
842
1094
1272
843
404
1495
798
509
1021
261
1191
994
823
980
1468
1262
1236
284
1125
1316
1227
664
1269
620
298
1014
345
601
627
101
1296
1022
1407
939
289
1164
338
1452
889
49
385
1304
656
298
525
1417
805
369
1073
108
481
421
657
454
779
322
906
1186
895
368
1139
1536
1043
1051
1522
394
1014
416
281
1233
742
506
1048
817
1225
1295
32
607
900
498
500
351
512
590
779
378
1114
675
490
1359
1345
726
373
114
1115
1222
622
477
507
1122
1082
362
512
1346
258
1436
1040
866
520
603
595
1572
1393
114
281
1491
1513
1011
1223
898
1153
820
390
392
1474
902
648
488
1184
972
602
929
1559
345
676
590
1619
362
1586
1115
1420
665
1069
1466
485
575
688
690
1557
1092
1097
516
1550
1195
1275
757
1032
289
1380
1604
597
1348
1264
1316
1266
1403
572
436
1480
845
288
271
1339
793
458
1636
1295
1149
510
738
1525
1558
365
296
1473
1267
526
1524
1527
1286
261
1555
1538
947
1171
1434
458
934
936
447
1028
943
1285
869
105
1367
1616
1167
1689
1270
796
1496
1638
359
621
1266
750
1583
383
1571
1654
1669
711
1157
1152
1089
1493
309
990
559
747
451
572
640
544
1398
1124
1456
1610
965
276
1285
924
439
1370
49
1323
1478
994
1362
1005
687
1713
1297
857
642
1684
756
1395
1262
486
1687
991
1679
1269
1506
362
460
799
844
569
885
1196
1044
1328
790
1340
807
352
927
1624
974
1184
750
1765
1593
1718
1572
1576
1041
1215
1686
1184
1107
1114
1720
590
269
1290
539
294
309
907
783
1313
604
401
306
777
297
402
1521
1092
1452
302
120
1762
609
542
1154
291
1569
958
1553
1103
988
736
1696
473
364
1129
1749
592
1248
1179
1814
906
1135
1360
1715
1349
108
736
404
601
330
114
1654
1441
1799
994
1110
965
1055
1057
1059
708
668
1610
1064
1167
338
1383
1753
1631
1210
1033
1380
1606
262
460
336
388
486
411
413
415
925
1668
1374
1016
856
1102
762
407
336
338
1685
319
1805
992
842
1059
289
549
1251
1445
1196
1502
320
1543
515
422
1628
440
1474
1578
565
1400
1134
960
1427
703
1429
427
1532
577
661
961
382
1477
371
373
306
891
893
109
1158
1163
1165
1730
988
1783
1537
1219
1746
497
473
368
495
388
1235
1648
1228
947
932
1185
1647
1570
1029
1892
1733
473
1132
1063
1356
1449
855
440
1282
1006
570
1660
1165
1888
1444
1253
1196
1741
402
1871
1938
949
1682
1529
261
1823
1337
453
455
1549
995
1439
402
1403
1509
1615
1337
1497
1917
532
764
261
1964
1787
1542
942
283
617
349
281
1970
1825
967
282
655
1375
337
1195
1808
1681
1097
964
1574
541
1573
774
1128
1981
1932
1865
912
309
1738
1740
1634
1269
569
1486
961
919
1086
117
1794
272
1900
1580
847
32
1918
894
724
900
109
1991
1660
492
1024
1584
1735
946
1499
628
1696
1257
771
1689
1055
1892
1656
274
271
1482
1234
397
1752
946
118
269
427
112
397
1468
1532
1056
399
1849
2053
1266
1237
467
275
1596
2013
1560
997
2051
1673
261
1623
356
974
1418
2008
1653
801
1180
279
1182
969
842
2048
1259
1369
111
1321
1739
268
1524
261
1877
743
409
1626
1961
2083
1625
2001
1187
863
473
497
1833
1606
1736
345
1237
1860
540
837
776
778
1963
439
814
955
1035
1218
1007
1364
1009
1610
1666
1341
1078
1333
1801
2125
2011
1996
1235
1642
2126
960
299
1528
356
1139
2128
1049
1035
742
898
1988
1668
427
450
410
1570
1719
602
1008
1851
388
1027
2162
2036
1893
1990
258
2039
1460
458
376
728
1920
724
340
497
1504
101
1406
1558
741
611
1071
617
345
1995
760
2161
1672
1596
1803
1579
296
415
1765
1298
1915
753
378
391
1701
2005
508
2033
2179
727
729
1152
296
662
610
2215
2142
2193
459
461
368
1173
1520
1052
1840
801
1881
1419
1476
331
1532
719
983
1600
709
1610
1203
1299
359
2061
337
116
2064
275
1409
1461
786
1305
1906
522
441
1351
561
1353
697
740
318
300
1013
1654
1004
1007
2164
1563
462
497
1100
2209
892
2034
802
850
908
1798
993
1523
509
1848
309
1833
389
2206
393
1418
502
405
763
1879
1490
1462
801
2247
1016
100
324
326
328
750
1659
349
1965
775
913
1883
352
434
1665
101
1412
1382
1012
2267
329
2062
2244
397
2192
859
2233
1424
1285
1902
102
2259
367
1572
1127
397
1294
619
621
1077
1608
97
2178
1254
1410
1842
1759
687
1534
1788
1853
1066
1338
2310
604
404
1062
708
519
380
603
1838
1053
546
1724
115
1726
294
1728
1408
1717
2028
389
2030
780
782
1750
311
2148
1683
1648
1748
2220
1468
1687
298
1629
647
362
1089
2037
2173
2302
435
1266
2077
345
998
2322
554
415
2120
1651
291
1994
2131
1911
2390
624
2393
1002
556
1075
1768
376
2249
804
456
1771
2019
1422
394
366
368
1510
300
994
2351
314
579
946
2409
322
766
1755
559
2273
543
1654
1030
1330
2031
2343
345
2164
2239
1385
1733
2071
1206
1791
1316
2025
2027
397
2046
1887
1942
813
876
704
1808
1975
2056
2022
1517
1013
296
1435
32
748
311
460
833
835
1088
1572
1110
376
2166
2035
1544
1645
1562
334
587
352
1890
2352
867
603
1197
2406
2349
2040
1433
616
977
2157
1720
1386
1847
2069
527
2231
1007
2201
1385
1432
1360
1722
259
281
1733
644
978
738
362
2088
726
819
672
483
1113
1873
1381
1684
1630
904
2112
1149
385
1973
1082
2265
1551
1874
1332
1485
1378
2025
292
2229
1898
1975
2157
1458
840
842
1475
2024
1291
2027
676
957
959
2082
1773
2084
583
2337
1078
700
1964
2079
32
1910
2073
1239
329
444
446
938
1596
1706
914
2159
765
32
2234
1039
2085
374
2341
1597
1607
1911
2325
1216
2261
801
1153
2428
2095
402
2187
1224
2263
1471
346
1194
1278
2432
801
2319
338
1908
384
2298
2538
2513
405
1540
807
1075
1135
732
1138
1430
547
1470
1134
1176
1183
1089
306
79
1688
1247
594
369
111
1426
2412
1224
362
2426
345
2362
478
371
616
526
542
284
554
969
457
779
1380
318
294
495
917
1569
826
1683
1348
1601
2354
2268
880
1196
609
1821
264
338
1180
579
2438
309
1589
1077
1621
490
2473
1010
1743
906
1864
1007
1638
332
1082
2653
868
1947
1051
1839
1654
830
1648
2402
1820
938
1937
2458
2144
2691
1019
1497
1940
1278
2283
1617
1757
2415
1385
2294
2481
1960
2303
1348
809
2279
2497
464
2099
1740
2402
1980
1749
2140
1803
946
2203
2366
2198
1400
1994
2155
1461
1304
735
478
434
1265
271
1418
2717
779
1298
1711
2145
899
1654
2599
2082
1114
2517
1523
1388
1241
2017
1372
2681
591
2605
2590
623
969
490
1708
271
2269
2221
1564
1303
1788
362
2537
2513
1836
2429
2096
2674
2496
1058
1795
2370
1834
1836
2468
1849
591
2646
859
403
281
2505
402
819
967
549
2404
1902
1110
1409
884
584
2427
1501
2081
1818
1010
997
1818
1142
2254
537
1318
2483
1602
547
1754
2201
1110
2376
2320
2464
707
473
676
1373
656
1958
1252
723
1702
2562
1485
968
276
1649
1238
1061
2292
2392
1000
2323
415
1506
2147
1864
1560
2411
806
2463
2195
380
1202
1795
1311
2275
630
2479
1302
384
1547
456
711
2552
1625
2784
871
2677
2209
1984
2290
1955
581
362
2340
2043
2164
2109
974
2509
1335
641
2377
605
2852
1304
2672
1834
416
2532
1170
991
1979
2800
2817
2679
798
1149
1151
1998
1587
744
2348
1632
1005
1102
2836
943
979
1639
2891
2569
2681
2331
2375
2246
2856
974
1395
2668
404
1277
2894
1324
953
815
2153
1348
1489
541
855
2149
2661
1566
1050
2414
2686
503
2926
829
608
2767
2516
2511
2221
1569
2843
960
2022
2242
2063
369
2912
32
2345
2150
2273
2175
1348
2266
2223
1220
920
2308
292
755
1139
2177
2213
2219
2781
2588
2349
1179
2454
1429
2065
424
1681
2460
1519
1532
2526
1548
1594
374
2972
2462
2138
2694
591
2111
477
1403
1810
2250
877
1702
2491
1073
740
1012
1519
508
1816
2940
753
462
513
630
2674
312
1167
717
352
2743
2511
2762
345
2152
817
2755
415
2306
2666
898
572
2833
2394
2487
1403
1332
588
2729
626
2731
292
1405
2949
2847
1797
1417
700
2414
2881
2388
1598
2877
1788
1691
2566
2184
2520
2738
2703
2133
2474
2688
402
2509
3012
1050
2486
3044
768
505
1952
346
1831
1345
2569
2203
2945
2268
2400
819
2817
3053
2536
2029
2199
1505
2315
2243
2245
2379
1172
2560
767
930
1939
1110
2277
2481
1255
2510
824
1917
2271
2211
1141
1105
3050
2881
2503
1345
1455
1819
2700
3060
348
350
2171
812
2038
2302
2423
1139
2114
2901
1229
424
1962
946
2914
1249
2789
3015
1526
2509
750
2331
3105
277
3107
292
2780
2572
412
3073
2785
275
725
2494
507
478
1233
2022
2748
632
1149
1910
3036
2286
2274
3033
2881
2670
1610
970
426
1894
1317
422
1964
2548
2169
942
2859
627
1690
1526
3085
591
2942
2317
687
535
2255
2805
610
1238
402
1441
2004
2036
3127
426
2181
1702
3019
552
2834
994
1676
115
1473
681
2086
1383
3125
2385
1992
2957
2370
426
578
2838
345
1842
3038
829
842
2175
2359
2361
1137
1729
1377
1792
540
3017
1158
3200
508
1929
2082
887
271
2605
2277
706
503
3139
2144
1842
1796
909
1274
2573
3119
994
3085
2269
1020
2797
1110
3122
1577
2367
3132
2564
935
3043
2613
2541
827
3108
1754
1807
1710
2850
933
1057
2841
638
1511
1731
2842
1892
819
2960
2211
2766
2494
2753
477
3064
2573
561
2575
578
311
2703
2597
383
2975
2854
1772
354
1774
3134
3154
1545
2696
1158
2773
1770
2463
913
3211
2446
2805
2022
1947
736
1417
2289
2106
3135
2090
333
1287
2296
3040
1627
2669
386
1788
2928
2573
1889
2705
1997
3055
3153
1544
422
591
2757
818
1358
791
1667
946
3203
2233
1241
2812
2661
3058
1782
1385
2698
1701
2022
3264
1005
1867
1480
3249
2536
1042
1686
1997
1385
3055
2946
1949
1882
2226
1054
2452
3161
2678
2299
2729
770
1259
2676
3162
2102
946
2896
2180
322
2287
2840
1541
906
2370
2803
2256
2165
1010
2899
2682
2357
383
689
1184
2443
2130
2417
2318
2333
623
1972
2976
1690
101
683
1360
2693
1419
1515
2415
750
2467
922
834
1849
2351
364
3386
370
687
2997
2742
482
2936
2737
819
2879
2045
3207
1167
3209
402
2434
2420
780
2530
2755
404
3129
1202
2660
2161
3131
2790
1526
2681
1964
3302
1243
1969
349
2012
442
303
1843
2278
2437
458
2947
338
819
2759
1964
2784
2428
362
579
1956
582
3444
3318
1895
1227
3345
319
1006
2771
2778
2522
1734
938
1776
752
2806
2654
2606
2628
1148
890
3091
2985
3463
1707
1309
2827
2544
3212
2027
2687
1386
3078
757
1336
1825
1711
3224
403
2777
971
2482
3277
363
2725
2214
1350
1080
1123
1937
3203
2494
2022
2703
2870
718
3314
2822
1937
3235
2326
2584
726
1905
2989
1596
1883
2966
1428
1026
3513
1959
2822
2605
2592
1289
3294
1380
1110
3117
2965
3533
1379
540
2396
1212
1489
1599
974
2792
829
2462
2881
2873
1981
3268
1249
1241
3547
2456
2569
3521
2455
3542
616
1681
2306
1997
1845
2007
3336
393
3093
333
402
1822
3518
1572
2066
3271
2235
2910
3443
3553
708
1108
3466
2665
3388
477
2681
1786
2794
1930
3216
2185
1092
2582
2260
3575
1719
450
419
2572
2210
477
2824
1707
1696
3229
1798
2979
1015
416
1677
931
1068
2519
3192
2935
675
2215
1979
1415
1169
2107
2937
1078
1754
2911
1149
913
558
404
558
538
2292
448
496
289
497
3428
2168
2650
828
2538
3167
3077
3277
2297
659
1154
588
1258
448
2931
2739
546
1979
3512
2882
1769
3326
2373
1968
1694
1702
3485
3534
2026
473
1486
2381
679
754
2313
463
3117
2428
1609
2391
3483
473
3366
2801
1105
2620
2622
475
2624
433
2627
2841
898
2630
2794
2632
3011
2635
387
1600
2639
331
2641
1803
2644
602
2041
2648
3217
960
2888
1930
1795
2348
497
3150
3291
1285
3642
2858
2964
3370
807
3090
1919
477
2306
2197
1901
415
1947
2987
1964
2509
569
1395
2917
2129
3501
2188
3118
3020
2405
1804
3256
3371
1120
1278
2306
1862
3561
2398
2273
3617
2421
3310
345
3621
1219
3641
2302
3183
1398
3185
3424
2002
2983
3061
628
832
3402
835
3659
2137
2067
1892
2984
3392
2607
2438
3216
1779
2711
1371
351
2720
2811
1326
3396
2828
2074
3647
660
750
2817
1644
3700
1893
3319
2981
3081
1423
3740
1902
2986
3232
3801
415
3665
3540
2027
3714
1690
2565
937
2278
83
1725
3419
2363
1298
1807
2569
2921
3456
2865
996
3438
272
3468
2904
932
1681
2301
1256
2730
1657
271
2117
2738
3406
396
2849
1344
1712
789
3378
3145
2809
2831
2715
2193
2287
2183
3045
2356
2227
3278
2853
1974
3559
1429
3085
1765
2118
1227
2445
3808
3668
2144
2136
1771
2685
3577
3273
2736
2348
473
3023
2952
1090
2683
2228
849
1383
3790
328
2569
1997
2733
1149
2465
3379
3855
3623
1441
3198
3356
711
1072
3258
2712
1372
3871
3382
490
3141
2009
433
1260
3368
2538
3339
3372
1201
3359
3651
661
3248
2651
3692
2353
868
620
278
2657
3469
3572
3430
1242
2663
2531
3214
3739
3184
3021
1401
691
3285
422
2787
2852
2527
711
2956
3459
1850
1010
569
3859
2808
1208
3475
3257
2494
2277
3884
1702
3109
3788
1239
1156
3087
2378
1288
3854
1654
3465
2464
3816
1727
552
2616
859
671
3943
750
3823
1164
3458
3599
2160
671
3898
3906
351
2537
2331
1951
3979
2925
1226
3745
3340
362
3966
3890
1833
3581
1062
2734
2785
1754
2991
2657
3497
2399
3407
3983
1789
2489
1360
631
3329
3578
3113
273
1279
2615
3070
3086
445
458
3756
767
2615
3556
3016
2131
2541
2721
3727
994
3832
2962
2572
3890
3263
963
2807
1962
2287
3775
302
2168
1910
3500
1782
3362
1082
750
3568
311
1871
3525
2251
3827
2382
1419
260
3584
2827
2921
3803
2574
1437
1975
1842
3993
1102
4032
3905
3400
1767
696
4059
3448
1338
2595
3724
3393
2041
998
3514
922
3798
3102
587
3960
4020
2798
1610
1954
1706
1308
1664
697
2595
271
3270
999
3933
3741
2864
3977
3950
2681
2021
2534
2805
4075
2478
3103
351
2239
3048
2799
1829
1951
2537
2493
2605
1937
3109
3374
2805
3810
3796
420
422
2402
2945
4022
3147
852
3187
1473
1532
438
1934
2065
1089
1281
2039
1273
3300
1880
3865
2447
299
1562
3032
852
4121
686
2788
3805
994
3632
1091
974
530
3648
3007
3412
3806
1057
2002
2512
1144
3919
2484
2655
3923
1298
4002
3896
534
496
1728
276
112
289
3546
1012
333
961
298
588
343
293
3060
435
497
435
401
974
2039
639
117
327
610
588
1307
478
2302
927
101
4180
3025
493
759
454
588
2080
2568
2144
3644
2944
3159
1297
4114
1610
2537
1846
1662
3630
312
2804
3162
3970
1482
3637
3971
266
2168
658
660
1184
3732
3285
1645
790
3913
3964
2293
3220
292
2816
3309
1728
1712
2940
630
2774
3068
1719
4216
767
2205
2699
1110
2265
2770
2796
1596
3905
3097
497
1178
2273
2741
3991
3258
110
1512
2391
2321
4155
3133
3193
3127
3654
383
1802
2735
1786
328
1776
1696
2104
1985
3376
1513
4154
4100
1902
4157
627
4159
2603
3752
1977
4165
2697
1229
4168
583
3920
603
3922
422
750
4174
4047
2015
4055
3671
4014
328
2426
2832
4294
3015
4079
1433
2569
3192
4325
3325
3772
2602
4161
4220
1627
789
2569
2493
3322
1209
3900
3255
3394
1345
4174
3042
3813
3955
3157
3549
4131
3500
3331
813
3233
3421
1438
3803
2939
261
2941
2316
2245
3722
2272
997
1075
870
3787
3303
1182
1912
4037
2407
1347
3537
4266
975
2190
2675
2577
4096
292
4174
2378
610
608
4059
4335
1144
2300
3398
4019
895
1245
2985
707
1964
4011
2032
3479
1766
3914
2049
4319
590
584
2134
345
4125
1711
3390
3280
3322
3024
1227
707
1997
3595
2327
1463
2457
3826
2239
3720
2463
4283
4354
3115
3293
3540
2580
3609
388
3000
661
2776
3769
1849
1606
2945
1760
3472
3878
1608
1104
3571
2579
1283
1209
4273
3260
2673
653
3329
1390
1703
1095
2023
3486
721
3008
1800
3872
4064
2703
3085
4325
2348
4266
2885
3826
2958
4033
2161
67
4177
545
4179
4181
2246
4183
645
111
4186
555
4189
686
258
4192
258
4194
996
2302
4197
4199
1493
332
561
1423
4246
354
4206
433
4021
2874
4211
3707
943
1451
789
822
3472
4300
3849
2813
3890
3661
2948
4512
1006
3190
3777
1514
1365
3151
3174
3244
1692
938
699
3780
3378
4174
497
2737
3677
1007
3384
3473
868
1807
3512
3955
2623
4084
1385
3877
4077
3447
2479
2346
4439
4001
4245
1903
2161
4099
3761
3934
2494
1447
1357
2579
4439
700
3317
2892
1633
3468
4256
939
4149
1312
3034
2495
3940
3391
4566
2985
4405
2474
1952
2428
2182
1999
3798
2971
2994
2462
4028
3760
1425
1505
3483
2115
1465
744
4150
1313
3917
3642
2672
3190
4564
3284
2172
3195
4089
670
2818
1005
3786
3834
2054
2957
3766
2767
3976
1923
1596
1886
3935
1116
1240
4013
1702
3192
2586
1149
3602
2295
3281
973
4014
108
4410
3858
1829
2882
4448
1650
1212
4335
2237
3308
99
2923
2651
4344
447
2882
3418
3969
1729
3099
1010
2351
1964
4332
3163
3880
383
3758
3204
309
4243
3713
3079
3903
404
473
4471
3821
870
2578
4648
2451
3815
2360
3817
3970
473
1945
971
3982
3570
516
2828
2121
1661
4556
4591
402
569
3537
3998
4218
960
591
3957
1937
3036
4617
3458
2559
4629
2008
3137
4665
1699
2284
529
1144
1074
3682
4445
1531
2814
2466
3768
4233
1059
1262
4433
750
4018
3553
1325
583
1535
4579
4655
2831
2593
4685
780
3254
1697
1702
3729
1640
1184
4516
1530
842
1127
2164
2559
1929
2881
3023
2906
3271
4454
1833
3787
3414
996
2967
383
2891
4537
2509
2569
1614
3604
4602
3026
2166
1266
2817
3807
4147
940
3342
1638
3029
3181
1856
363
3574
1654
1110
1842
830
2399
1824
2220
3852
1203
4635
4048
4719
3403
3289
3326
3322
1532
4748
4289
2863
2537
945
1184
4351
2224
4272
3492
2220
2703
631
2593
3988
1490
4318
2336
2961
1715
3364
945
2175
1179
3058
4670
3766
1561
2594
2002
3681
3270
2068
2772
1952
2039
3734
3713
3754
2855
3282
2553
1857
3397
4523
2955
626
2055
4612
435
3454
374
4375
2269
4790
2176
4444
4686
1733
4565
2537
3378
2950
3878
403
4586
1518
4588
2162
844
2164
4319
3491
2874
3972
4714
4686
2950
2728
4417
3519
1411
2820
2482
2509
3223
3958
397
2208
1568
1188
2415
4431
3447
3351
3002
4452
4866
3427
1817
406
4443
519
4445
1964
4134
931
4029
2368
281
4131
1931
3430
2549
1817
591
4270
3494
2273
4075
4609
2861
4144
1969
4780
2089
4846
271
3366
3010
3503
328
854
1926
1556
1485
1333
4434
4370
1914
1892
3954
4575
3280
3832
1608
4168
1754
2537
3726
4906
4413
1411
3075
2943
1044
344
3153
4605
2039
3428
4949
4671
3251
4385
2890
4475
49
4477
1040
627
1086
4481
4483
4188
381
4190
4487
2307
114
4490
4203
1329
595
4494
841
4496
3520
4204
4500
4207
4503
4210
2310
1546
1304
3378
3222
3205
2530
4779
2583
1572
4535
3545
3408
2212
3265
4865
4137
2332
1612
2985
3468
3124
3975
1285
3662
4696
4887
1411
1828
2918
1567
3450
2400
726
4877
1572
5025
2684
2215
3780
4347
733
4173
3982
2714
4654
4292
2032
2862
2106
4270
4994
4140
2008
4812
4376
2492
4854
3572
3306
5007
4607
1016
3216
4931
1538
4551
4440
373
2494
1842
3911
1826
3269
1911
1486
1868
3243
1475
1913
3156
439
3036
1777
5048
3999
3509
1102
4886
3137
4886
4541
5038
4920
491
2022
4267
2007
5027
801
2879
569
1385
4409
4462
1040
3516
3549
3551
1749
4709
2699
2720
1228
4141
2302
4011
2890
1123
2816
3549
2318
2400
4946
4730
1610
2021
374
4939
3410
3539
2535
3623
750
1596
4364
1975
5099
2220
3137
3911
4927
2988
2455
2921
3894
2827
3657
2493
3794
1078
687
3432
415
4726
2706
2866
2181
1259
4601
3658
1842
5140
4554
3593
3572
5014
4517
3982
3347
1582
2310
4213
2844
2990
2365
4002
5155
3004
430
1416
3444
4293
4557
4101
4296
1886
1103
4161
4512
984
4997
4167
4303
4538
4308
2656
5033
4377
4175
4717
5121
2805
2306
3137
2569
5082
3446
3737
2629
1102
1897
3436
4239
1896
789
4665
981
3505
1082
2858
4237
870
1184
3453
4398
3723
1690
4360
944
3003
4268
473
4917
1807
4131
3871
1413
4669
840
3114
2784
1699
1981
1733
4052
4873
2364
1960
3780
1614
4268
4412
4192
2482
4148
4401
1259
4675
2785
4153
4752
473
294
1136
1728
2424
2493
1110
3135
5069
4037
1967
2150
4797
2384
3496
4436
1875
5065
1102
4300
472
5054
3581
2086
4423
1546
3941
4951
3168
3490
2512
3114
3852
5131
1662
3378
4375
4658
4880
3315
3082
1966
3270
2903
4433
3297
4631
3283
2488
5211
1189
3945
4090
2809
1121
3307
4853
1925
5260
707
4018
2341
3364
4313
5133
2968
4380
4599
4492
1859
2397
2932
3575
2462
3895
5316
1733
5277
2145
1648
5062
2714
2672
5173
4691
5004
4610
3134
4604
3106
2386
3128
494
4514
707
5081
3943
4778
1385
5254
2611
1316
267
1817
2858
299
4797
4697
4390
3236
4767
3028
2494
2703
4985
4277
3327
3898
4028
4771
2546
5246
1733
4335
3865
4891
1448
274
1367
3464
4934
4050
1386
4840
5237
4281
4554
2008
4223
4668
4687
5323
4279
5343
4577
1249
4082
1158
311
1127
1937
4471
4734
1615
4710
2604
4744
3000
5291
2822
819
3036
4902
4433
2964
2714
1184
1385
3176
4940
1974
4670
2348
4763
5284
5322
1212
5045
3063
1229
2619
2124
2718
3681
1954
397
2879
4796
32
5120
3192
4403
4203
5368
2515
3943
3911
3190
5084
4569
3158
4677
3208
3818
3787
4947
3243
4926
4263
5164
5089
1930
3927
3030
3111
2511
767
1326
5458
1902
3871
3890
1987
4037
3474
3576
5120
5471
415
2737
4121
1102
2045
2760
2267
1532
2621
1133
4543
398
2625
3689
1541
3691
785
732
1134
624
3696
318
3698
2323
3701
2643
540
2645
3705
2176
1569
1200
756
2239
1862
5104
5393
1212
381
1214
461
1217
5251
913
3876
5115
4138
359
569
5463
4562
5422
1082
4032
2817
3532
2569
2714
2351
4041
5358
5209
1078
374
5480
3234
424
4616
5157
643
344
5067
1902
3957
3669
2946
4549
2948
5153
4958
5236
5249
3182
1829
2428
5207
1997
1964
5491
5286
1910
2384
4280
5235
439
5491
5440
913
3948
3623
4693
4824
5463
1951
4351
4949
5460
4357
2768
992
2218
4519
2738
2964
1733
3657
365
3684
5490
3686
1152
5493
994
1726
5495
1744
3908
3694
5500
626
3697
4298
5504
5492
3702
5507
3704
2647
5510
3477
49
3218
3088
980
2714
5260
4568
5219
2342
3857
1082
5207
4471
4261
1466
5572
5343
2593
2703
1954
3749
4689
3272
4064
2569
3985
1873
3955
4131
2263
2494
2201
4903
100
4766
4125
3508
3401
4720
4773
4235
328
3867
3025
1937
3734
4590
3762
1863
1933
808
439
4287
2451
1443
2821
4083
1611
1590
624
4758
3925
3751
2909
1745
5266
4032
3607
767
1235
2593
4569
3192
5288
1407
1648
4041
4890
2107
1951
4270
1127
5530
383
4830
3404
5048
5304
920
1717
4911
960
1184
3023
4319
5002
5017
5136
4428
5122
1110
5261
1477
3152
3771
1771
4036
786
5076
5316
3135
2515
4553
5001
5016
2509
4915
3709
4315
903
5623
2764
2522
5101
3337
4728
1114
1983
5084
5698
4700
4390
569
5545
2745
545
5661
5739
1119
2737
1110
3124
3657
3428
3663
3657
4761
870
5376
988
4805
1467
2218
3905
2086
4531
5684
1648
5352
3209
2424
2817
4565
569
5596
4564
4380
1720
5771
1263
3650
2049
3206
4774
1968
2652
5476
3921
5187
3400
2659
470
3928
1062
3930
3586
3217
1719
5754
3624
4241
260
5386
5045
2605
5641
1898
3773
2797
2164
3228
4262
5757
5372
1793
5374
3567
4849
4323
1360
4022
1562
4253
1102
5816
3277
2593
3787
2086
2941
3434
3830
5191
5259
3178
5396
3270
5392
2529
4166
1754
3537
5667
4558
5405
5413
707
4223
4425
5758
2764
4390
3507
3982
5853
4101
5688
2971
4922
2252
1338
3197
2538
5153
1127
4917
1228
3663
5413
5526
1016
4910
5287
3112
4085
3104
5483
3951
3744
3657
2252
311
644
1648
1061
3885
1809
2954
2475
3461
1828
3990
1110
5128
2781
5232
4622
3853
5039
338
5362
3558
3226
5895
3582
3041
1526
5847
1641
2306
1614
1987
4944
406
1082
4075
5411
5677
5403
3003
3564
1326
5688
5317
323
2525
4836
5678
1224
4270
4734
5132
4569
5437
4446
4560
1449
5445
4321
2031
5392
569
5779
5256
1183
3174
5076
1385
4120
3468
2097
285
2829
1510
4339
2738
4121
2139
4696
267
4393
4659
3380
5885
966
3284
3797
5771
569
5636
4606
4695
86
5909
1695
938
2239
2662
5804
946
3931
3490
4041
2383
3937
624
5791
1259
373
327
304
497
3170
454
59
5191
1184
3734
3348
3472
5316
3556
4763
3205
3254
4651
2362
3970
768
3826
4122
5216
4363
3653
1807
6009
5059
4569
3141
1532
4705
2229
1262
2144
6007
3353
801
3775
6033
2969
5032
5224
3619
4706
4924
4381
3943
1842
3239
1553
2987
3975
5054
4397
5983
5084
5650
5555
5653
3751
4460
1505
4645
4291
2225
4660
2240
4362
2211
1937
2759
4695
5489
328
5491
806
2626
5603
2628
5496
5607
458
2633
2064
5610
5502
5612
2640
5614
5506
292
5508
5618
375
1569
5392
4368
1855
4997
2702
5684
5052
5716
5865
1902
2921
881
6101
3810
5552
484
361
2860
2880
4384
1231
4353
3495
5405
5650
3709
2945
2502
2086
4902
1326
5491
2714
2811
753
1027
1149
5859
1862
1155
4102
1923
5958
4525
5246
5980
2039
5738
3270
5757
3820
5690
4884
1487
840
789
4784
5589
1663
1266
3883
6022
2211
3384
3614
1115
5207
5698
3070
969
2218
2493
4349
4732
2539
5377
262
3927
4869
2217
3504
5228
5338
4837
4632
3925
3863
4832
2302
2720
5585
4217
1389
473
2045
4404
1421
2494
4041
3948
2783
1688
3137
6097
2618
354
2093
2665
3440
1825
1733
2759
1937
4438
5191
3869
1101
2273
3036
6141
5321
5962
4688
3780
4254
844
5761
2519
2800
5926
3313
3529
5677
2578
2201
3334
1494
1271
603
3192
4958
3775
2945
1110
3581
2414
1857
6113
4702
4167
4461
3890
4958
3135
2830
2249
5585
4543
4852
5741
3002
4572
6136
582
3454
3786
4116
6255
2736
3003
4092
5888
1771
4375
3939
5512
3429
5802
5515
5743
5517
1380
5519
618
5521
4622
5371
3468
5946
319
2123
3890
5870
3287
5620
5705
309
4125
3887
5544
1751
5628
5190
6003
3375
4860
3425
6148
1348
6059
1288
6059
5022
1037
4740
731
3904
284
4807
2781
6286
4415
5078
2181
4448
1331
4545
3072
5553
486
4646
5795
569
4751
5120
2472
4712
2181
3917
5795
4169
4038
4309
3924
4620
6172
5802
5988
2664
5938
3389
5095
1775
1885
3472
3852
3192
1833
4665
5771
5641
4365
3358
4537
4765
5388
4869
3556
4778
4657
6323
1870
5164
3822
6292
1387
545
5143
4031
707
2351
4789
5252
2016
2435
2589
3502
5406
1617
5748
1878
2106
6340
5987
318
5989
1822
5806
5992
4547
1348
5079
5997
402
5999
2461
6002
536
101
6005
3890
5921
2844
3237
824
2488
3023
4876
6393
4412
3646
5083
6386
1018
5801
2661
6390
6344
5991
2681
5993
5976
4127
5996
3360
6399
4198
6401
1080
6403
6005
5120
3852
4270
6135
3886
6112
3162
3060
3842
5395
4606
4217
6291
4998
3596
1654
4869
3396
4520
3476
3489
2728
4018
4939
6299
3295
374
4869
5316
4471
3839
2418
2288
6418
410
5108
1082
4471
3030
2886
1885
1892
5516
5560
615
2956
3364
4890
6357
2827
4125
5145
3734
2022
6211
458
4268
5721
5880
1349
328
2950
1937
4223
4662
4060
5345
6419
289
5386
3604
4271
5927
5400
3101
4734
6196
1756
1127
6266
5698
4716
6055
6470
5873
5204
1830
4111
6110
994
2021
4934
4620
5132
3137
4930
6199
1702
3085
4713
5809
5658
4793
5811
2161
3890
4270
4917
3862
2494
5207
4174
5045
5877
6310
691
4893
895
1328
5716
1937
2239
1715
3800
5949
402
3124
3524
4767
3173
4461
913
6438
4587
3610
5482
707
3553
2945
5816
6363
4547
6385
2105
1287
3927
4883
5719
2805
2164
6340
6152
5874
378
1981
837
1149
5051
4131
5045
1862
569
5460
6188
6379
3423
4162
673
5481
4736
5529
5806
4028
3556
6104
415
4817
5287
2246
2482
3455
3927
5625
6522
1702
4823
6524
3967
4678
4652
3742
662
4383
1451
4525
6467
5438
5971
3563
1526
4861
2540
4774
3642
3581
4131
2022
819
6491
2987
4537
6162
3502
2945
6215
2580
2351
569
5485
5906
3036
1842
3787
3203
2287
5538
1144
4960
3672
4894
5757
872
3812
4649
1153
3495
6533
3544
32
6373
1804
6036
3713
1144
5097
612
3611
3188
3613
2008
5933
6658
2931
1532
6542
3502
1562
4997
1931
5274
6692
2704
2822
3537
6229
4836
3426
5556
1065
2948
6340
6498
707
6674
5675
2482
397
2076
1922
582
4785
3552
3067
4024
6061
5590
733
2113
836
6620
6611
1505
3472
5929
4572
4028
4225
5176
5456
3636
1058
4232
834
5685
1572
5045
3500
6491
6444
4010
4547
736
6446
2039
3023
5953
1138
6068
477
5583
6289
5860
2258
4999
2433
1502
6165
6682
3887
6442
1082
5167
2273
3905
2378
6653
2246
5370
5461
1382
4736
1452
281
6284
5003
5750
2499
1562
6395
3378
3939
5859
5890
1892
5764
1149
6676
3953
5591
1754
4264
4584
5934
5873
630
5162
6675
1869
4031
4146
5373
2701
5111
404
2964
6038
4737
3500
5816
2958
4053
2989
5904
338
3508
3085
5093
4262
6711
2705
6164
5017
3947
5681
6195
5974
4007
4658
2240
5386
4958
2720
2817
865
2831
5336
5668
5403
4328
1771
5715
6434
3171
1380
3947
3058
3328
6347
4757
3526
3489
3016
6382
6780
6732
750
6734
4229
6736
3638
6503
6739
2974
2603
754
2348
6416
2903
6766
2675
2144
3638
5971
6183
2580
1807
1862
6059
3266
3731
6867
4737
2817
4763
5433
6073
5063
5601
3688
6078
3690
5606
2631
6082
3695
6085
2637
1103
5613
1549
6090
1373
2646
1879
5619
3955
3335
5201
842
3135
6651
5169
1168
1882
6669
3470
490
2911
6378
1975
2509
6032
2570
3600
5985
5156
2609
2617
3247
5898
6496
3078
1179
3826
1964
2578
5516
6834
2164
5066
5843
1526
5650
6651
2335
4307
5087
2010
726
3276
5307
5051
6789
2797
3124
1964
3604
5789
1754
6244
5293
775
5588
4742
4358
2898
1309
6748
6727
5590
6682
5540
3306
6271
6341
643
1768
5516
5816
6278
296
6280
2733
5016
5568
6678
1962
5320
697
5884
4535
4271
2273
5335
1149
5120
3450
5869
4879
6848
4227
540
6547
6712
2240
4526
3246
6632
1240
4454
6997
3349
6928
6415
3590
310
4899
1142
2003
4895
5389
5592
6985
6929
2160
4008
5576
275
4223
6519
6580
1503
3259
1925
5650
5403
2348
4658
2767
6834
3537
5215
3995
4595
1007
4626
1488
6879
6360
945
3124
4125
6231
309
4917
5650
1862
5663
508
5588
5062
2329
6345
3603
2098
3782
6754
4630
2351
4812
4404
4842
2176
7021
2694
4131
6529
1662
4270
4061
5960
7043
6366
3022
3468
5579
4174
5082
4690
5668
6942
5312
4637
2164
4266
1532
6501
2164
3877
3673
5024
395
6468
6489
6325
4472
1834
6579
4290
3792
789
2751
5591
6590
1825
6834
5117
5172
5532
3163
1558
2509
2164
2921
1833
3845
2815
1721
5842
7095
4558
5176
4298
5179
6721
440
830
5184
399
5184
5738
6338
5188
977
4313
1681
1127
6135
5207
1184
5933
7107
4006
1937
7083
913
5952
5213
490
5080
5995
6153
628
2246
6482
5441
2550
2881
1596
6752
5354
5233
3493
3003
5724
5890
1309
5076
6780
423
6764
1754
3681
6029
6551
6148
2399
1560
2164
7185
4543
4602
1300
4824
3657
2059
750
7185
2759
6057
583
4249
4276
6561
4226
3633
7139
660
5180
4302
5606
7145
6898
5797
5186
4172
4311
5159
6875
3563
3743
2608
5915
388
374
4041
3366
1156
2705
2720
6970
5018
1911
7176
2424
3137
3124
4254
900
6016
3420
6383
1701
5485
6249
5185
4661
3716
2387
6101
4389
6192
2869
4245
3780
4886
5721
756
7014
6154
3039
5571
6522
1608
6074
3443
5824
3667
4664
6921
3044
2950
1614
5838
2826
569
7185
6146
397
2703
4739
5859
4032
2022
4693
2774
5249
6202
3138
1483
2144
3957
7240
2161
6177
3581
4682
3891
2262
5777
5016
872
5600
7113
5434
2735
7283
3309
1304
1110
3070
7102
1391
3612
1276
6845
1342
7292
3443
6966
3780
2858
4917
5012
6258
1639
5198
5093
4997
4739
5392
6866
5255
2612
3939
6825
2822
6819
1338
7106
4622
3495
6059
5139
7167
4529
6925
3852
362
1862
4657
5880
5711
4358
1472
4904
2537
7101
2709
4831
5929
2222
628
752
2945
2800
6744
2921
6239
5869
5265
1572
7273
2027
4066
1754
6643
4258
1701
2559
7342
5677
5530
4325
5930
7325
5549
2194
2280
491
4174
2708
4748
4431
6530
3826
2759
4565
2058
5829
1345
5404
7220
629
4059
2493
4778
7185
5952
1817
6564
5062
2879
6853
6501
4375
6507
3837
2779
6887
1733
7185
6550
913
5438
2610
5780
1183
5326
2488
7237
6518
4399
5907
3837
7344
2273
6489
2615
5809
5763
6050
5191
7076
3908
5891
4126
693
4414
1163
2478
6445
2817
7299
302
3000
5168
5698
945
3734
5110
612
6869
4161
7265
2537
5653
3780
7237
4066
753
5834
6380
5267
5659
2987
2164
3681
1508
4706
4353
3624
4059
5596
1326
2449
4288
7227
4608
2164
5530
4174
7014
6509
7126
1092
1833
2263
4123
1380
5738
4113
6375
5937
6966
6182
5596
4934
6121
6624
5455
3970
1937
1842
2816
789
6744
2858
2512
6349
1916
3804
7210
6538
3770
6415
328
5366
5319
6936
7530
1849
5933
4898
6546
7406
4533
4824
7537
836
825
3711
2002
4820
5669
2014
3838
6393
3963
6297
4698
5410
5016
4041
7046
7106
3780
3719
7309
4326
1754
6225
78
2940
7384
393
3192
2164
2605
5405
6963
5936
5279
3135
5136
4537
5092
3549
1288
5698
3997
5307
5198
1937
5731
5118
3549
4125
7442
2182
7039
1010
5094
4748
4326
7462
6064
4414
311
1945
6715
3950
6584
1380
5585
6416
6177
5568
7309
4883
397
6507
5094
6461
1380
4698
5383
7592
4015
6997
5754
7246
3818
3556
3023
4049
4433
5207
5722
2232
6775
4358
5851
4736
6049
960
3905
2714
1485
2978
4027
7637
5365
6712
6630
5144
6382
7131
6396
6333
1080
4964
4966
4182
4969
4185
949
4484
4973
4486
1429
4193
556
4195
6216
6432
4200
4984
4498
939
779
4988
312
4504
4991
2945
473
3787
7485
4670
7322
6082
6555
3628
2846
7368
5682
4565
473
4886
6340
6143
99
7114
2863
3852
7460
7466
1060
3112
2945
3581
2964
1807
2306
4022
5315
4107
1652
3114
1897
3564
7571
311
3085
6128
5695
5542
2881
4041
5298
3733
5984
7124
7036
4290
2201
1978
4457
3666
2027
6834
6507
6266
2879
2791
1890
6254
7018
5812
6799
1964
7722
1522
1790
2545
5825
527
707
5793
7731
2863
6388
3927
6343
5805
5009
989
1688
6426
7453
1098
5247
6431
6000
463
6003
6404
7528
5174
1902
5092
789
3709
681
7309
3349
6516
6382
2513
7505
2122
4072
271
7574
3549
2537
7643
4664
3443
3675
7172
1817
7575
1698
7735
3866
2542
6379
5965
5246
7644
5884
5893
1149
5622
7460
7250
5845
3195
7700
2106
4471
6778
853
6879
1764
5937
2728
5316
6507
4098
1241
5991
4755
4597
687
6449
5665
6297
3532
2300
887
3108
5968
7569
2291
1304
7485
4886
3876
7089
3421
4639
5963
946
3576
7136
4101
5207
6966
6981
1139
4724
5681
2201
6426
7073
5301
1939
4724
4637
4018
7524
3274
3983
1681
506
6398
4650
7026
5562
2720
5784
3943
5036
4608
591
6834
2351
6199
4346
1174
6265
6875
4737
7609
540
2800
473
2306
4397
6600
6918
3006
2858
3986
2425
5707
2737
2703
2601
5588
4237
7822
6319
2060
7309
2123
5198
3681
5275
4433
2569
7344
7318
3343
7900
5171
5703
3483
5844
4956
349
5716
7893
6091
2571
5355
277
7294
5384
1954
4917
7352
3279
1974
4049
2557
5575
5839
7891
2229
7628
3970
6356
6937
5713
3481
7266
2580
2509
2921
2800
6660
6304
7361
5401
4934
3734
3556
6416
7942
5533
3468
2239
5140
7077
4406
3392
700
3950
5814
5029
7125
1140
7905
2530
4386
374
2239
2217
6682
4569
6975
2881
3558
5564
7191
2737
4268
7766
7067
7111
3905
6844
1201
7817
6982
1347
5298
4799
2106
7483
6798
1288
7379
7896
3443
3646
6593
1641
7196
7309
3948
7787
3029
1236
6798
7540
5413
7848
4042
687
3890
7738
7071
2100
351
7420
1721
1688
6545
5816
6840
2410
1407
671
6101
8008
338
1778
7724
6838
5547
7802
4772
491
3145
4017
5913
2419
1331
3939
4748
1485
7891
5793
5454
4679
3210
1754
5153
5242
2883
2430
4739
1910
4861
5081
5710
5969
2488
5130
6841
1662
1807
5136
4828
404
1596
4535
6779
4892
1134
7339
5354
4574
7842
7480
6539
2681
7694
7795
4521
5810
6059
1883
8022
7603
4391
3912
756
4049
7714
291
5132
6941
1696
4739
5120
7419
6101
6029
1671
3774
7687
4949
4657
756
4442
491
7545
3101
5867
5308
8091
5353
579
5901
594
842
5207
7233
7451
3101
4569
2157
7348
7719
4016
7461
5781
5161
775
6594
3005
5171
4701
6725
2476
422
7094
5399
7079
2555
3101
4620
1951
7857
1614
4886
6550
7969
4272
466
2563
4861
7882
657
2603
6484
5810
1184
5991
2899
472
3927
2921
7283
5043
7156
7346
1127
8098
6745
496
5163
5712
8138
7494
4928
4733
4643
7079
5728
5191
3821
7416
8197
6242
6443
3500
6564
8129
6592
545
6449
5042
1572
6840
1304
6190
6758
5299
2553
4949
4812
8194
2371
6832
4002
8225
6450
4418
801
2201
6780
590
7955
3349
5724
2578
7898
8160
7112
1733
7786
7311
2126
2632
1768
6853
5120
5485
3023
2791
3974
4380
2287
4886
945
6975
3364
8013
856
5851
2774
5698
5314
5794
2948
6336
3474
7148
5800
5986
7760
6422
7762
5679
6650
370
6350
7597
1513
1190
6798
3023
1288
3787
5893
7026
8166
1719
6962
7479
4541
2525
4299
6101
2858
6106
7382
7225
8078
5809
4917
1733
3905
6237
7191
1385
3500
3055
3364
547
2144
7884
4390
5943
7963
1648
2021
8146
6021
5051
7857
5402
3398
3895
2879
2737
8175
416
7500
3046
5166
7171
7834
7509
7315
8206
1976
2880
528
4435
5659
6289
6254
7635
619
2400
5911
753
8111
818
3786
5681
528
4028
7695
3181
4313
4955
5342
4606
4422
303
6951
4170
8192
383
3890
5594
2007
4823
6445
7780
4870
1981
5062
4471
8120
545
5051
591
2681
6021
6501
3145
7602
4375
6129
7320
995
3241
2722
2835
2523
2938
7395
8347
7229
1196
6973
946
5585
6883
7120
2220
1639
4748
4032
4707
5917
3483
7460
7712
7516
8066
4000
2630
6171
5555
2502
6992
7968
2603
5903
1210
2074
8400
3955
2515
3982
6507
2378
5991
4375
3710
3078
1532
2891
7185
4762
4961
844
8175
3895
6834
1954
8046
2161
913
6997
6174
609
4511
1717
3670
5740
2800
2201
7921
6936
2588
3180
341
4192
6101
6159
8400
8029
6749
3108
2826
4868
8200
5810
7397
5072
3398
3955
5275
8406
2781
7987
1837
6678
1648
4131
6673
6634
8132
5420
3083
1526
3023
7185
4917
5979
6553
2996
7173
3765
6445
4397
8065
6626
2538
7265
5298
8474
4580
4627
545
8095
1997
4810
8230
4878
7728
4341
1930
5654
7069
1152
490
4223
8061
2246
7141
8048
6542
7004
8191
8129
4050
2428
8330
4105
1314
3212
292
6109
3355
5920
4525
7993
3990
3787
5289
3468
5483
4059
3733
7276
708
7208
6925
2578
2605
1760
1696
7442
6970
1681
6007
6297
2708
5392
1964
1596
6656
6495
2737
5246
6465
6015
8078
5112
1560
4533
4997
8019
911
7873
5689
468
7548
1278
4041
4512
7728
662
6853
6406
6915
6620
5793
7337
404
5991
5793
6177
3887
7602
5485
2300
6806
7753
4570
1242
2091
1018
4554
6030
7439
5933
3124
6241
2827
8558
1719
8129
8104
5191
4311
4553
8244
2891
8125
2291
2555
4448
4274
2138
3025
460
6320
994
5793
8170
7821
897
594
5591
2204
874
505
3895
1833
2681
8461
5392
5330
6407
3678
1331
7157
1502
6525
1106
3848
1897
8330
6119
2365
8445
6893
2827
4223
5757
3564
8352
7186
104
8659
2738
5207
2123
5392
5534
4255
3146
397
6834
5666
6024
2876
7899
5449
8470
7316
3826
5150
4869
7573
6053
2674
6703
5153
2759
5276
8015
4836
3663
5863
5189
4347
6682
4537
6574
7690
4226
3631
4227
3634
7295
4231
3639
6740
3160
1964
5530
8244
7757
2106
4917
6744
5941
7775
5337
7938
2898
6757
7185
4129
5016
7400
6417
7037
4950
1782
5405
6007
5276
8043
8133
7433
4009
2042
2451
5588
5153
6340
6665
1591
2931
6748
1833
4682
2924
4555
5643
1040
3239
6879
4739
8336
813
6262
3556
4868
6074
8745
5384
7472
5897
3629
6862
8714
6735
447
6866
2617
2168
6542
6414
4792
3770
4626
7165
6689
8132
7185
7465
3443
7442
7932
3663
750
5275
5968
7620
540
3507
2365
3939
5051
4270
3734
1062
5638
6101
3508
7940
7723
8640
6070
6382
1778
3889
3968
6017
1729
4908
7607
275
7568
5266
5732
2705
7797
6449
5491
5579
5444
3733
7309
4869
5485
1871
8675
3581
2811
7965
8494
7358
1662
6950
4950
6189
6233
2115
7934
4110
2480
2759
7991
4883
1110
5207
4869
6927
7087
1941
7854
1902
6827
2201
6862
8153
3622
2294
7193
8655
994
8663
905
6748
5285
4286
4525
4510
7527
8598
3497
7924
3622
4915
8014
5084
2958
6219
8482
8047
4388
2456
6619
7929
5642
4624
822
5787
5444
2306
4512
6529
8820
6625
8822
448
111
4478
3079
8640
5831
5907
3016
6393
4708
7858
8920
6770
7435
6239
6204
2377
7716
3549
569
4223
2891
7884
8028
3312
8505
8909
5365
3982
3512
5744
3569
5937
2694
2964
8288
6287
404
7967
8081
6501
3415
6887
7797
8640
1822
2400
8859
5839
8146
2964
4917
5485
8048
6449
2800
2879
6597
8024
2893
3554
4454
5763
7164
2913
4467
7729
8449
4136
5072
3468
6507
2708
8935
7247
8452
4318
8877
1298
5569
3848
8605
8030
8821
7247
6941
3483
5958
1719
4041
7741
7325
529
3590
4028
6175
662
6360
3581
7783
2615
6507
4695
6177
8929
3567
5897
8640
7596
4449
1925
4915
8924
4006
4397
5198
4694
7801
5579
5112
4786
2781
6266
7932
3896
8148
2161
5392
8571
6192
3725
7839
4980
8172
2694
3588
6166
4815
2211
6816
1911
8306
2348
1862
6123
5251
8031
8028
6771
8703
6936
6782
5070
6900
2617
7359
6153
1842
7810
635
1352
3172
3623
7017
3483
4041
1833
4803
5432
354
7950
1729
7683
3653
6873
1123
3787
8842
5600
5716
4958
3508
3681
6997
7190
6793
819
5375
2168
5622
6642
6801
4112
7795
8520
2987
5535
2956
1262
8672
3668
7963
4008
6744
3886
5251
5392
7626
756
3532
4657
8607
7274
2706
6917
1761
8729
5668
5562
9033
8311
9126
7137
8714
7213
7533
7141
5181
4166
4304
7146
7409
1011
7222
8947
7224
5924
5278
4576
5639
3035
7091
7875
8977
7006
3375
5692
4736
3117
2287
4270
8700
9111
8623
8802
2536
6495
2605
7748
5054
5215
4063
1040
4533
5930
7276
4571
2848
5682
5246
2800
5421
5392
2879
8310
8163
8787
4721
2738
2714
7631
5319
7811
5206
7729
8261
5934
1648
2858
4471
1710
7335
5148
8910
6430
9080
4692
1450
8885
6847
4748
5485
3887
8893
1139
5562
6535
7269
7551
1560
3312
8095
3581
6664
1419
7955
8131
8832
8554
3537
3335
4433
7232
8427
1239
6994
8471
292
5920
2163
4664
5628
9065
3378
1862
8144
946
6917
7710
7729
4217
2650
6335
4306
8367
8271
2658
8273
6342
8275
5990
6608
8738
7115
2416
3840
6281
7191
4946
9225
7832
7377
2740
6570
8913
5630
5805
4864
3610
4695
2891
7020
8162
5592
7695
6620
4869
9076
2876
6177
7644
3483
8682
767
7891
6167
8870
1882
3231
5622
881
2482
4468
8106
945
6943
2499
7025
8865
415
8234
4976
4769
842
2703
6827
3734
3302
3058
5592
7160
1892
8087
7510
1795
3766
6861
8713
3633
8780
8717
6867
6131
545
5859
5126
2810
1526
9033
4050
6485
3616
4553
7540
1776
5884
6198
4637
4902
1935
6854
6603
2744
8340
3146
7104
9306
5260
8933
2253
3080
1376
1326
4351
7781
911
2706
699
8361
3126
5396
4739
8640
2886
2218
569
1596
6610
505
2987
5491
1954
3266
2569
7185
2201
7201
8815
9275
5137
6108
9059
8095
8796
8146
5215
5622
2537
6917
8039
6798
7709
3114
4125
4217
8323
5054
6115
1453
6283
4892
2987
3657
2537
8415
8983
3818
1385
5731
5851
3003
9386
4660
6556
6709
6879
9012
960
3996
7004
9158
7956
9264
6468
4869
7265
602
2974
5937
5958
3114
8904
8938
7141
6574
6936
4886
4270
6025
9313
7306
2903
5828
8520
8429
8736
2400
3266
8449
2719
5884
2514
9111
4642
8556
5120
5820
1939
6946
6287
4918
6935
8640
4861
4018
8794
1469
7320
6254
3556
2681
9245
8743
9453
6198
7875
5541
9308
994
5485
4174
6837
2047
5681
8307
6793
3378
2858
4565
7897
6395
3036
4018
8356
2890
9070
7506
1144
4268
9033
1964
7196
8365
6683
1678
8313
4212
9262
2863
4917
5530
8055
9196
8078
7483
6313
4871
1530
6043
3536
7346
9024
9388
3335
5470
707
3023
5991
8735
8117
6887
6214
4304
568
7167
3547
6842
4558
4746
7875
9181
5575
7309
5856
3001
6738
1681
9314
7487
1203
9108
8540
6263
3734
9380
3341
4748
4545
5513
3442
700
7878
7535
5757
2196
7746
2879
5994
3797
2782
6153
3993
5251
5622
8320
3464
7558
4705
4861
7185
2294
5818
1596
6424
9202
6540
3182
9378
8245
2738
4619
1451
3549
6659
7141
5092
842
5478
7173
5430
9111
8252
3443
8535
9598
497
8384
2168
8724
3989
1005
7602
5814
2756
5787
5724
8399
4396
4262
5848
309
2440
1582
4824
8330
9564
7525
6292
7588
9388
750
6917
6021
9539
2617
6693
2002
6858
3738
7248
315
3095
2239
2714
3334
7165
6045
5810
2921
5922
2112
8416
8506
7857
4311
3943
9510
5557
2572
8954
4711
1278
8593
8993
3818
4069
7479
7820
8328
7346
7966
7141
970
7152
8321
9213
3059
819
5440
6449
5093
8123
4851
8078
4803
1326
2586
9598
6884
7792
707
9091
8033
1740
2588
7864
1946
9467
6295
813
9656
9458
4803
7891
2906
9192
844
5645
9121
2547
4385
4330
660
4121
4723
9186
2415
5384
2239
5236
6744
4223
5588
4359
3076
9250
6292
9141
8474
2727
2419
6314
4034
9673
4229
8911
553
3079
8095
591
8257
6302
1964
4349
5307
6449
7355
4897
8279
5059
5045
6225
9618
7360
3350
5379
4633
9546
4101
6834
1710
3003
7614
8583
8308
1719
7961
3657
8743
8101
6564
3787
3731
5551
6472
6179
5300
4809
6302
8859
8554
5650
6533
8356
5191
8901
1331
2306
3734
5649
7306
9415
6018
7034
5827
7011
4946
9041
1975
5419
7980
9171
3579
662
9183
9059
8640
3852
3085
8516
2306
6997
2378
5485
3871
5588
1937
8330
6671
1702
5698
6377
5757
3137
8164
6178
1975
8734
8522
5703
691
7656
4705
2964
6490
4615
4269
7004
1807
8842
3231
7421
8197
8469
5444
9497
5884
2378
9634
8197
8319
7167
3887
2993
9277
1520
7276
2945
1833
591
3137
2114
9725
8229
3681
3192
4026
9030
2600
5995
8312
649
2519
7823
2249
6997
3657
7104
3468
3729
8711
7425
6934
8288
5757
7874
626
6953
862
8078
3829
1966
6209
2305
2086
9245
6059
7357
7078
6758
8343
6539
3886
9349
5051
3452
3083
9175
4513
9619
4888
1994
9273
8108
8761
4624
7827
6729
7746
1385
7587
1278
8548
3231
7288
9807
5775
5363
3835
3344
1784
1219
3890
6997
2759
9823
2218
7197
1655
9656
3124
2741
5132
5485
4868
6680
3468
9951
9721
328
9622
8947
3943
7104
8846
7899
2720
7903
9033
6557
7393
1898
6455
3952
4041
8244
9037
9594
2858
4300
8357
8825
8555
2433
4953
328
3581
4890
8675
6307
700
8016
545
9251
8268
9253
6337
5799
9256
3926
9258
3929
9260
7763
7864
8239
4736
4698
9294
5075
5016
8939
2880
7896
8554
7932
6165
5032
3957
4861
967
9176
3148
4412
3414
6914
7795
9055
9743
1729
6208
1817
7450
6985
3483
8342
7769
9311
3039
5392
9232
758
7121
2499
9988
374
7062
5551
6157
3724
8554
5062
7202
404
6507
5987
9656
5597
9958
4905
3243
6890
7378
6709
7432
5954
9205
3658
2203
1464
916
5543
10037
818
2615
6059
9537
5882
6177
1485
4723
3112
1179
8057
2695
6266
7857
9692
7387
3269
404
1997
5272
8221
1625
4834
7751
4458
6150
9079
7191
4642
9282
1809
6593
439
8721
9429
7984
10058
2378
7734
3556
3422
6321
5303
9821
9313
7171
9811
4023
9937
4613
1697
6122
8595
8157
2214
612
1979
8966
10047
10119
9432
5438
8248
3898
2287
5316
4699
7955
8542
7589
4390
7550
8168
707
4917
5246
8399
9806
8761
4454
7896
8423
7801
7367
1564
8438
1662
9040
4507
4737
8075
9879
9131
4101
2239
4778
3378
721
5159
2615
4861
8328
10108
10132
7618
3712
609
9345
8791
7899
5223
9667
2082
7171
4705
9238
844
9640
3181
5698
6651
7318
8712
7211
1091
9329
6737
8718
9065
4041
1596
6583
1754
6517
789
7082
687
6980
5514
6983
6275
6985
294
6279
1216
9266
8370
3826
4886
5641
8004
2291
6251
7602
3681
2811
8321
2615
5530
7718
1928
8621
2419
9043
767
7558
5588
10147
5054
2123
7399
9273
5878
7986
5054
3998
8295
4161
5933
2759
8591
9297
5084
5290
9154
4124
8475
2569
6961
439
7515
6568
5428
1380
7265
6354
6936
9820
5662
5882
9495
8523
7310
8594
7691
1177
1574
7226
9006
7479
6638
7899
6665
10157
4739
7899
9380
9362
7789
9939
1927
1539
3476
5894
10081
4949
2533
9561
9302
5012
3483
9247
5043
4868
5707
3349
6340
6681
8674
9350
7185
4139
10189
10133
8992
8908
7247
9826
8025
7602
685
260
1825
3576
6793
6827
945
6107
4838
1625
8088
8147
8329
10265
1292
8388
9612
8672
1596
2950
6533
6156
6667
1102
4915
5153
3725
8028
4713
8330
6871
8864
8762
1775
490
8166
7980
9762
3735
2919
2351
3348
8561
10336
3833
3027
9938
2067
7395
9929
8925
2781
6638
913
5568
9852
6156
7899
3581
5485
1862
5991
6860
7026
8857
6151
6043
1385
7991
2196
6495
3843
7378
8550
8028
1079
5588
5330
3500
4700
756
9589
8077
10088
1227
9151
10368
10122
3158
10132
10400
9047
744
2774
721
7306
5859
5816
5579
4804
10048
7976
9034
8891
2746
4454
8129
6533
2022
721
8077
8640
5784
3982
9130
10406
6153
1614
3084
4525
3852
8021
10058
9524
5962
8428
4695
5392
4270
3036
7042
351
5698
7094
1241
6598
8025
8473
311
5485
7797
9801
1729
5933
4869
5836
491
7265
2817
4041
7352
5951
5341
9369
4606
8891
5191
2983
7832
9454
6501
397
5579
1489
3495
6042
3504
5198
3137
8618
4070
6810
3653
6564
8040
8037
298
6254
10330
6180
6674
6501
7586
6382
9834
6945
9685
2720
2879
9793
6874
9756
8092
2424
5421
913
7472
7919
7382
4934
5754
6182
8306
2774
8380
49
9732
649
7050
6698
4083
9767
1902
7237
6008
3174
3298
1924
4655
6680
6495
1706
8312
9840
8465
5389
5562
8224
7724
4512
2351
8618
2306
2578
5152
7167
2601
10132
4537
2964
3030
5062
3581
2378
9576
9565
7522
7832
2335
7844
4744
9111
3141
3095
4471
6533
4883
10390
3653
7236
3927
4049
2168
7899
8399
8758
2007
468
8825
5076
3581
7131
7706
6639
2302
6642
2144
4886
6927
9718
5246
10390
9656
7242
7934
8229
9641
2144
721
5349
8123
7545
8430
7382
8672
8288
7430
1453
4390
7129
4366
10083
7151
7877
1526
6351
3373
1671
7395
10019
1326
8114
938
3852
5562
7884
5960
4262
2891
8743
4564
5017
7185
9827
490
5559
7448
6330
1526
10553
707
2378
10400
5707
569
9738
5747
9794
4023
8391
8288
4705
5110
5032
4695
9487
3742
5084
1954
5094
6449
3452
9594
3803
3890
6985
7809
1553
7294
5933
2605
5562
9436
7981
7265
9229
6312
10041
8407
7719
5729
9542
3753
5728
4628
7439
3137
7961
8796
9452
4080
4008
4537
6713
2844
8229
8829
2822
9515
3392
9483
8057
6575
9233
7405
10643
2720
7085
8490
9299
7646
9219
10393
10034
7955
6127
1060
10090
5523
7804
3101
10353
1278
7857
6645
7191
4125
1937
3500
5351
10064
6753
10100
9111
5226
9720
4705
10687
7346
5136
473
1833
9950
10373
3305
1648
2703
5816
10020
6738
6276
540
3252
9856
9288
1022
8015
1144
6544
4388
9725
7331
1745
10768
662
7586
2131
2593
10462
7984
7811
4251
3444
4887
9065
5126
6883
9293
9146
7304
3655
2695
2196
9306
3532
1385
5816
2921
7206
10532
2649
9630
9981
3886
4433
7195
9410
9517
6387
6420
813
9259
6392
7763
6394
9138
7767
422
2964
6400
6001
7006
7774
9629
3490
685
8646
9896
6565
3509
6615
5239
8078
2886
8881
578
3927
7293
6411
9807
2378
8259
9267
6495
7460
5440
10276
2695
10011
7991
4869
4713
8181
7370
6936
6997
4707
3443
3085
5579
5277
3364
5153
8098
2043
2569
4886
8448
7729
2559
8640
2741
4372
271
5203
9578
4337
6998
1954
8399
5592
5079
3653
3124
7243
9685
7853
8241
5562
4856
3490
2964
4817
1388
7487
7138
2638
7140
4163
6374
7143
7217
4305
7252
9142
4310
9144
5189
10625
9164
4019
2444
7752
9122
2681
5485
7887
8543
7542
2738
4120
707
9153
1910
8182
8673
3509
9685
3931
2783
1939
3508
8399
5362
4311
7256
1696
10203
490
7504
8082
4525
9049
9211
1812
3538
7991
6834
1592
9360
6363
4824
9245
10402
1282
1807
7237
6448
3262
803
8554
7485
1096
7167
3576
9451
8391
9195
10222
10479
6495
9574
1282
3734
8447
8301
10434
6620
2086
591
10652
7456
2881
5530
9244
8200
9591
5164
9926
6027
9337
6126
9917
3123
7934
8470
8175
5716
8309
9141
1782
7104
10397
5897
2891
9823
2543
4390
6633
8642
508
6788
8045
9904
3590
1979
6884
7117
8028
4217
5120
2058
7309
10942
5198
10869
1326
3681
4343
9852
5249
10758
3982
3266
10882
10235
7851
7608
8672
2904
1171
5315
7382
9111
6853
5757
3657
10147
7393
8675
5253
4366
4758
681
6297
7356
413
4093
1709
7183
9060
6382
10882
686
3460
3155
6082
6879
2759
5330
10057
7899
1184
5153
8597
439
8129
8537
932
10681
9530
8975
9453
10057
8370
7487
10400
7801
9557
5368
7476
10969
2253
6792
6804
557
6856
8324
8314
10063
10515
4473
1123
7418
1768
5952
1768
7185
8797
9598
7442
4382
6043
819
10869
10522
8028
5541
6177
8140
10309
10146
10184
9764
1357
4943
1278
3052
9656
3532
10753
10997
1997
5329
6948
6774
5524
7134
1966
2811
5416
7875
9957
6096
9558
9970
9336
1558
5082
4515
5892
6887
6924
7589
9306
2921
6026
6463
8475
5286
10438
8204
6934
4778
8957
8101
10942
10518
4415
5470
5880
1406
6066
945
6970
4821
10409
4769
2970
9360
7618
4253
9109
5465
7167
10737
5051
9211
4433
4152
10324
2220
5286
6542
7108
4933
10717
3115
5698
8797
8907
7517
1729
7532
1911
8305
8281
388
9213
3065
10093
974
9049
8904
2365
4739
8777
9327
10197
6864
8781
6738
2168
5051
2208
7270
6621
9981
7014
8873
2556
319
7354
7602
10982
9141
4312
8844
1558
3576
6969
9970
3023
10580
3990
6917
10550
1910
3787
6945
1876
6948
7306
6449
6917
3537
7519
1688
9363
8220
4754
4637
10268
6406
10689
8633
10072
8457
5759
7346
6460
9505
540
7791
10017
7231
6872
5707
10625
11219
10196
4228
1729
4230
10199
9331
7547
8368
2520
11178
4768
2732
5497
628
8235
9940
6427
7454
8368
5076
4125
5782
10090
5078
7815
1660
5386
11019
1572
3878
4453
9110
5708
1078
4043
9995
3474
4471
9348
3025
10011
9666
6705
6820
8432
10716
687
6892
6075
5602
448
6079
7219
5255
5499
2634
6902
5503
6088
6906
5429
5617
6910
6094
5807
2170
9809
6682
4933
5664
11021
10773
10441
10494
1226
9235
10352
7639
7458
10647
10164
10668
11283
5177
4160
7214
9136
7216
5141
604
9140
6952
10907
3924
4312
8301
3292
5851
6395
6021
6449
2509
5136
9247
842
8868
359
8330
7991
7797
10132
3415
6879
7083
3890
7263
1202
7605
5088
6393
7472
753
4945
4058
10423
8220
4875
10045
4684
8475
7354
10205
10756
7434
6723
2746
4624
9383
8090
3312
5392
1786
6171
2059
5253
10743
8093
4939
3890
8069
8372
9569
1882
11057
6879
8859
3121
6555
7798
960
5485
8243
842
5530
5215
6793
5285
10414
7079
2474
2428
2921
9834
5991
7823
8162
1288
2858
10555
10856
11431
9881
1633
4395
5164
5384
8168
3828
4961
7245
7365
1849
7897
8123
5444
5243
1892
9889
5756
9388
6586
1696
1079
11364
8447
1102
1293
2519
4958
3832
8229
9058
1261
7767
4240
9553
4447
8746
5954
9835
8048
6177
4861
4131
10268
6793
5045
8569
5164
4311
6721
2987
5738
4764
11209
3899
3782
11496
7636
10912
5045
4512
9024
8296
10331
2085
1102
3668
700
10011
1110
6642
4433
5131
10896
5368
2164
10341
9325
8078
10866
6505
11213
5340
11545
4008
5153
9439
6723
7191
7484
4525
591
9189
7848
10534
1003
6101
1127
9820
8475
7048
5857
2007
2059
9447
4248
4781
8745
10862
10921
7968
9388
4032
3135
10674
1133
8666
6586
5884
1997
3384
1681
3876
9306
10287
8241
6301
2916
4412
7897
4736
5561
7309
7289
9349
8640
5330
5650
1159
1278
8265
8658
5191
8861
4954
5486
463
5196
8045
8745
9458
768
7994
10039
10481
6772
3490
10313
10595
6449
10451
10143
8123
2239
9886
10591
10596
829
490
3887
8352
4338
11519
6294
7850
8428
3158
9825
4568
7729
6416
9116
8200
3095
9797
6297
3810
10016
2216
3472
3787
10752
9736
8162
2493
10981
3468
1531
7578
4576
8399
4174
5665
2086
8872
946
4032
3349
5197
2603
11515
7584
9630
8274
8611
7859
11547
2759
10550
8531
6760
801
5259
8359
417
10164
5859
2065
4525
2341
4149
7692
9229
5303
6815
11541
10464
6381
9648
3957
6135
9869
9656
2442
3826
4320
7776
2200
5937
3837
9663
2230
9062
3538
3852
6040
4634
6803
3243
3137
9049
5243
10036
4876
11415
1348
5421
1910
6239
11402
11406
6793
7237
4917
6340
6598
10366
1199
10416
8184
10212
4056
7850
4688
1213
10216
300
9266
10078
8599
9922
4581
7648
11515
5808
9956
6393
11111
8652
3164
9046
8202
1910
6890
1231
8756
8886
319
2076
2415
5943
5968
5120
5738
3192
1964
9791
3438
3495
5697
2400
7921
10427
8014
11652
5059
8358
341
10858
7487
8062
10791
6989
7430
1892
4174
9021
9337
9111
3537
4131
2601
6177
4958
2422
10723
1520
5628
11270
872
9852
10309
3481
8229
8625
3315
4001
3982
4958
8735
8095
3488
2950
9499
3764
9041
2470
6452
8942
5787
11003
6203
4006
5650
1733
5933
6674
9495
740
6382
3030
5665
6992
10676
10028
4301
5892
1768
11767
1453
9306
10313
4057
1276
6802
8640
4869
9382
7891
1858
10690
2781
10035
2879
6586
11062
8095
5153
9412
11557
11721
3802
5960
4824
11261
7237
10870
1835
5052
8429
6132
2141
3787
10853
8826
8090
10844
8095
8997
6221
5984
11067
7768
5073
6063
7857
4062
7487
11251
1276
4824
11216
571
1569
9832
11793
2047
3653
6198
3826
10456
4454
9475
5380
8667
3993
4934
6152
3852
3852
6500
9630
1474
756
10657
3927
5045
11413
5742
4056
9454
11364
8843
3025
7334
3984
6495
5330
468
11400
774
3955
7896
9552
7558
7430
11038
8428
7083
5848
529
5707
4739
10912
10430
8672
5782
11545
2945
9969
8760
9266
4705
7131
3483
5405
9316
11307
1993
10469
11728
4471
10256
8598
8147
362
6563
6992
5764
9350
5525
9908
5066
9784
7012
3813
4446
3084
9440
11811
2008
9458
4343
9866
11473
527
7955
1954
822
1696
9243
10721
960
4958
7897
4467
11025
7306
10360
750
8966
1328
10539
5991
9607
1817
9875
3146
3581
10377
5451
11571
3058
5870
11741
3913
10211
1347
6984
10366
11748
6987
10217
6989
4705
4886
7576
11740
11441
5955
11305
2431
9959
10531
9195
9195
9915
949
2375
11172
1421
11292
5364
5809
4770
441
11895
4240
5991
2708
10912
362
5595
7171
8954
309
11454
4896
5360
9908
11982
8931
756
3146
3556
7415
2998
6326
5558
11971
292
5421
4035
4433
9828
5316
3335
9162
9512
9641
5432
7245
10104
2225
1558
2568
8499
9034
3681
7574
4744
5897
1910
4131
8330
7404
5948
11710
1742
1817
9189
9359
10450
11197
11464
8755
1226
1979
8616
3615
7346
6550
4705
10806
2424
3428
2609
11103
3115
4713
11491
11406
5120
4018
1596
7903
8292
10447
8173
2774
5809
8623
10132
9473
3826
7734
7711
9296
2075
6368
11428
2424
10057
6793
10011
10440
1526
9502
3481
8854
3104
11799
6395
3030
3558
11131
2482
9875
1526
6924
7337
4441
9845
7237
10183
11325
943
8632
4450
3149
5307
11949
1145
10070
7238
5634
10157
3576
10360
5838
1326
9537
5054
10625
11266
10730
1117
10653
3114
6701
11452
7648
9300
3315
10585
7487
4032
2779
870
7104
9041
6609
2365
9458
5793
5120
7696
12003
7112
9979
10630
2710
5207
5566
2826
6100
11527
767
1102
11506
3231
11330
7615
11332
4203
6897
11371
6899
11337
6084
2636
11340
3795
11342
3703
6909
337
6911
11998
8220
3957
11593
6445
7460
7299
9235
2800
5195
4945
6495
4704
9249
10812
5803
6423
6393
6425
11381
11299
7768
10821
6432
10823
7773
6005
3144
10602
527
3828
4723
1044
6867
8675
5852
8769
7256
6810
9656
10351
9525
1981
4036
8556
10360
1937
5125
8647
10774
10785
2694
10352
5968
7589
749
3483
4751
6793
5784
6101
4751
11700
5593
11264
11993
6596
4673
359
4018
11986
8381
1641
5585
9706
1966
3905
5140
9235
7237
5838
10692
8203
6965
11677
3304
1554
11119
3927
2728
6742
9059
11379
5058
7624
9747
4255
9337
4433
12129
10274
4532
11174
5973
4397
8679
9306
5762
10136
1348
3657
9199
5787
3856
5279
7742
3087
8906
545
6247
1768
10068
6880
2488
10869
4017
9656
591
6853
6793
4861
11539
5164
6392
9864
5807
11893
700
5298
4788
3275
12216
9512
9839
7025
6177
7878
1696
7820
7405
8101
7508
10957
284
10044
4949
11177
5725
4333
10189
4087
3836
7448
5198
3508
4778
6517
842
4828
11638
2563
2779
11440
12314
9809
5032
7599
1029
4441
9788
7729
7823
4249
9909
8748
628
6996
12347
11893
5084
4119
9606
11675
11964
7364
3890
5906
2086
865
5707
8915
10510
1817
3378
10468
1760
5884
4819
11877
2577
1285
4589
10083
3905
12258
8078
4408
4736
2265
4824
5153
8461
6969
11153
12131
3883
11786
1060
8106
7903
10484
7875
6638
5479
7755
6395
7820
12379
6101
6156
5622
3668
11959
9720
9732
8146
9076
12202
5623
277
5716
8129
2605
569
9480
5377
7294
2578
3508
5286
6501
5596
12231
491
10193
10159
8494
756
6831
9198
2774
4713
9968
12135
7173
4803
8146
10478
11282
6863
11285
6865
11224
1396
5368
10898
5178
11368
10901
4301
10903
11371
7218
12240
9141
9255
5046
1866
9146
7152
7231
8123
5592
8691
11678
4016
11558
3074
9611
8520
10069
1147
10802
9920
4826
1278
11430
11848
9351
2936
3508
9581
874
6830
6398
2686
3927
5242
5787
9954
3746
8745
5991
5062
10942
5859
819
7857
10486
1348
3997
3079
6793
10511
749
11484
5544
11816
9504
6849
1292
8672
3537
7550
6070
9429
3003
4032
8840
7657
2292
7659
4479
7661
1475
4971
2577
11903
4191
4976
4978
4196
284
7672
4495
4202
2039
4205
7678
4209
456
7681
8132
8904
3943
6989
5198
7265
4174
9559
2008
8129
2340
5787
6550
8031
11660
789
7748
3927
6744
11312
9693
5409
2424
6941
6729
8933
12280
7707
11754
3734
7424
4415
9111
2201
10705
7547
7923
6815
12487
7593
11238
5777
3889
749
8058
994
12063
1123
12604
5872
5357
3275
5159
359
2858
8330
6156
11431
7167
12057
2218
9869
4758
9065
10260
10531
4778
819
7484
12495
7395
5330
9536
10779
3484
9935
2144
7201
3231
11731
10921
10688
9601
6682
6360
6840
8162
2950
7515
2561
12293
1825
9128
332
4907
12151
6267
3694
12501
10249
660
4693
10481
8766
3262
4215
9241
4224
8778
9328
11222
9330
8783
687
5051
2681
5298
10472
7272
9356
12320
7875
1777
9003
11407
754
6785
10856
9451
3658
12635
4844
1256
3826
7190
10187
1526
11627
6721
2335
4580
7236
9726
9685
11392
8241
9874
4824
10982
6171
10444
4705
7285
6101
6377
1910
9466
1966
6928
8834
3848
726
4958
4739
4748
5650
7485
4537
5214
1939
4713
12711
5084
7083
6667
2638
4900
4686
6847
11690
8599
7004
7612
5712
11692
752
6560
12111
1977
3828
11101
8522
8168
9166
5956
9192
2170
7185
10387
6201
7436
9970
8744
6066
8623
12192
3653
11779
3943
7316
10714
10165
7777
12083
3623
8754
4522
7975
5386
5530
2239
10385
9095
9610
5752
4252
3913
4032
9153
11423
4744
7977
5251
8816
8126
3254
5450
6520
6945
2692
12300
6439
5681
5453
9535
9306
5405
5286
11014
12230
11547
7427
11125
6253
9598
5562
10600
12285
11983
7720
3114
8261
7178
2220
11975
12059
5397
7124
12198
9595
4533
2774
12652
10481
4247
4508
10099
5859
3996
6382
3417
10783
513
7351
7565
11541
10380
6393
5226
3114
4106
8540
12558
12822
11933
5650
6360
9033
12353
6704
1854
1684
8479
7981
7064
6540
10066
10015
5123
10121
1266
11227
4949
2759
7539
11066
1975
6269
7919
9362
4379
1479
10560
11781
9982
801
8683
12280
4472
8183
5802
1127
4518
2826
4125
9978
12170
4736
9200
775
5120
10390
7487
5350
2543
9225
3373
12252
12311
12883
8048
10360
12351
10976
7755
12124
12162
12548
1514
6192
4537
8421
11445
12815
7021
4882
12864
1219
10399
10981
7746
5738
4335
4286
11697
6798
9974
4865
9280
6010
1333
12896
2781
750
9953
8522
4375
10658
2463
5392
12698
12187
8288
12748
1688
3837
5530
3157
1719
6458
9656
12503
4588
7690
7923
7940
7729
7485
1184
12465
870
7703
3231
8214
8470
6377
4798
6297
9199
11126
5947
9987
10058
6917
5579
6613
10438
5731
12967
5707
3589
12434
6564
8616
10531
3966
4798
11894
10785
8510
1010
9302
2737
7906
11369
9214
7272
6495
3877
12471
9758
117
10223
6263
9496
11081
6546
6992
10344
8425
10651
9438
10359
12265
9257
6421
10001
10815
5679
10817
5184
6397
6430
1998
7771
6402
3272
6005
10327
10083
12951
8135
2494
6576
3982
5991
10544
9350
2720
4565
7991
2449
5787
2728
4958
3581
6377
12647
11933
5562
8228
4628
7729
3993
7891
8567
9551
9365
8330
1862
2306
7190
6437
9702
1372
6163
6045
6254
10019
8146
7424
3468
11524
2348
12684
8675
10561
12976
4736
8734
11629
2891
10160
2039
5536
5828
8101
3939
11243
10072
3956
2144
11201
12333
1910
1184
7185
4223
12235
9365
6076
5494
1878
12545
11336
6083
5501
6903
530
6905
2642
11343
12249
3706
5894
8052
6807
10158
11364
11201
7297
11278
2002
12448
4257
1700
393
10934
11816
10810
643
12154
2959
10905
7442
8468
3349
10383
11728
5136
3747
11154
11016
12434
8546
1815
7173
3057
13106
1897
2537
7182
1479
12314
7574
5808
10924
9904
5707
5738
2472
11450
6496
6254
5562
7354
13014
2827
6744
2986
12676
11857
351
9049
13243
11814
5884
9367
4936
10820
6020
5968
10132
7973
12903
10773
5062
10879
3734
2759
10565
6043
2558
7861
11712
5768
8063
12980
10360
5673
11849
9123
8596
10481
8804
3087
7797
10504
11728
11031
734
5470
8028
4256
11052
12340
12727
10540
2238
12893
5032
6564
7349
9141
5858
2141
7952
4869
9907
7975
8523
6033
5664
10403
11889
6262
10306
1925
6889
1102
13031
11472
8679
3468
6340
1710
2774
1833
5286
10273
6657
3830
13254
4132
1798
4569
10268
5859
7175
10680
10906
1385
5430
7111
7999
3993
8784
707
4788
10839
9354
12392
13289
2348
5579
9682
7026
9076
6915
3181
11427
9064
11407
4408
5425
11410
5189
8375
1454
8284
4390
6225
8751
3825
12556
8244
13060
12083
10875
292
1987
5707
3547
2335
2249
7093
12490
5872
7496
11754
11838
6606
10237
579
8105
11667
1890
4448
9741
1490
11280
11488
2615
5334
8952
8576
7430
2613
11973
2839
7309
4375
5713
3468
8288
11364
6707
12431
9453
6328
2519
2728
5738
12048
12936
10078
370
12399
9313
10436
12645
12214
7001
7173
10705
10303
11295
10913
2580
8904
7141
11723
6578
7995
4997
9245
7895
11903
4111
7022
9513
4904
12880
3079
5859
3876
756
10310
12409
624
12844
9942
13385
5166
6616
11404
12550
7026
4958
11058
920
8938
4245
3895
12217
4997
10268
10243
9864
5771
11391
12460
8469
8127
1931
9970
2509
10863
12937
11926
1282
3176
8711
5568
9790
7171
4748
10138
6877
2043
1110
9243
10623
7296
8586
2987
4942
9123
9207
5268
8096
2469
12958
4384
1572
8433
5043
8683
9807
9067
870
13423
2819
12042
12900
13358
5043
4946
9356
3181
4265
3231
6096
11055
6757
591
10645
10366
4722
5257
1144
5491
13223
3443
12039
7021
2422
370
11062
6501
7329
13424
12514
5045
13297
5191
5138
3848
11053
4814
11374
5335
7026
5384
8287
11608
12695
6856
2086
13450
1648
8186
8216
5892
4366
4421
11629
13023
10045
12636
9213
11060
271
6949
13381
13462
8345
13336
11076
10178
13053
319
5463
9065
2114
12003
12514
9943
7785
1885
4317
5565
8554
7709
11554
9700
8077
5051
5285
1144
11578
6074
9552
12333
6793
7990
10083
13490
8494
13212
11423
11632
4564
10773
2737
9086
13602
7546
7005
10912
10556
1688
12050
950
9656
10999
9360
13243
11846
9928
6923
6297
2720
7739
13085
12845
484
12859
8109
6801
2002
2879
10636
3443
3239
11440
13458
9981
9097
1707
404
13331
7021
9458
2601
13146
6602
4412
11584
13640
10259
12666
7824
4001
11513
11418
3873
5645
11927
13588
10466
4305
8393
4030
3421
10856
5622
5701
8959
12696
7191
11506
10050
5377
6254
7428
12648
1572
3949
2860
9326
11365
10198
8782
859
2168
13182
1248
5492
6895
11333
12239
5796
13188
6901
12244
6087
12246
13194
12248
5509
11346
6122
8998
5872
12007
13547
12847
5236
9727
5401
7558
5392
7595
8996
731
13032
9111
4129
9715
609
5787
6248
12083
8105
4125
8862
11933
7618
9270
11630
10906
13490
8702
2249
6831
6127
12196
12194
6649
5191
13021
4888
9595
4569
10385
10979
10126
10785
3068
11554
12990
11075
12847
11627
8077
13237
9981
9833
6773
5189
7344
11812
3199
5670
9470
11564
7720
10357
12340
7963
1162
3457
3692
2249
5516
9821
9720
6793
9195
3137
4883
7857
7237
9376
11560
13648
12185
9652
3498
2705
11523
11255
7395
10086
12117
8641
2667
6925
9090
7141
4930
9284
8898
4950
9008
3454
2809
5662
4051
6368
6879
6645
8711
5784
7141
5094
13770
6428
9595
4958
1614
7299
12421
10590
13796
7170
12765
11961
1662
9113
11185
5802
10480
6731
9360
6751
12015
12943
1394
1526
2568
7111
4537
12049
10707
6925
8808
7556
13212
4705
12880
7021
2764
8028
13672
10132
13031
4867
5230
4015
6240
12660
13527
3747
12372
12462
12252
2537
2858
2759
3668
8301
12785
12458
6265
4849
8020
9597
6501
822
5884
8618
7129
6887
8244
12397
10993
13208
4710
12562
1466
2076
8522
9113
5251
1910
5698
2351
3792
11992
9734
11715
4037
12926
11365
9134
12570
4164
12542
1348
12544
5796
11374
12547
11377
13470
8832
8701
12949
9412
13155
10436
2241
6297
8989
10696
545
11776
3885
13250
10847
12272
3938
9010
12724
2220
6544
8081
13690
12662
8701
8101
2351
12158
6923
8837
3848
7190
13002
5451
9228
12869
10469
11754
945
6917
8623
5198
9000
6628
13608
7321
3290
508
8785
10816
10934
7098
3990
11668
11813
13966
3848
7473
6226
5676
1461
8162
11117
13521
442
11997
5622
6533
3581
5215
7162
740
13819
6853
10132
5766
5681
12373
9018
13402
5810
9195
13120
13326
13132
13645
12462
11096
3243
9160
11754
8700
370
10595
9289
11230
6382
7068
13565
5524
311
5311
529
328
5816
9153
7899
5045
10329
12949
7920
11517
6511
10307
13086
4032
10934
4568
6992
13998
10438
8129
5701
8301
8652
3443
3124
5092
11554
8028
3681
2751
842
4739
12381
10481
1964
5012
6256
2848
8552
4257
11771
5672
12694
7955
7499
3355
9886
5054
6583
6615
11906
1780
1654
11491
2522
10708
12739
13925
11962
6573
11728
6924
10912
7595
13269
328
6328
10607
3143
803
11596
12201
10017
4001
11255
1892
11624
6192
4396
12471
9217
1454
14052
13272
11415
11052
3592
12991
3046
13444
11769
1614
5437
3262
14050
7986
12835
1326
5657
10786
1662
13510
11454
5884
5180
12990
6916
13533
12033
5242
10763
818
700
6535
11295
3780
10149
12961
10971
5622
2578
6507
7903
12735
6257
7057
10259
5142
11097
9948
13106
5592
2764
12961
2708
10673
10262
13676
6617
5802
5738
9590
12888
13051
11877
10322
6855
4054
4105
12847
3931
10787
7875
9658
439
3135
3997
10988
13999
9301
9852
2869
3982
9168
5670
6724
11408
7180
731
2218
13729
9453
6941
8585
5629
2727
7188
13959
9031
2826
3166
9852
13134
5756
2603
9895
11293
1256
7994
11364
11258
8326
12900
8606
10915
2027
13261
7131
13653
9660
10360
7237
9777
10538
9948
11179
271
2340
3262
10568
2170
8560
938
10032
12033
8700
7111
5491
13418
10355
14033
2797
2569
7466
14005
3245
4345
7981
12001
7912
9502
14102
2839
11571
5681
12114
2194
12738
2058
9241
13037
4775
11988
4649
5554
6147
3589
11374
10755
9877
943
687
9587
7180
8051
2578
12960
11716
5236
6353
3443
10951
5622
4471
7961
12609
615
3982
10496
8284
9057
12495
14118
7004
3145
13850
1658
6783
9829
13819
2086
2183
13509
9807
10800
7141
5103
11173
2881
11572
12865
11193
5346
2372
12835
4603
5810
13806
9981
13416
11933
3270
5859
7316
3653
6209
4798
13094
6251
11160
13758
3653
7428
9935
7207
1054
12096
8348
4006
7067
6147
10674
1756
8310
10773
12610
5198
9316
7912
13944
11933
3537
11231
13862
6995
2797
7797
12587
13175
12707
5485
7442
6744
8463
10819
5053
13788
6847
12314
4569
3321
3472
13488
8760
3364
11110
9362
13250
2449
10773
9857
14220
1880
9359
13165
11993
5414
439
2714
10011
4762
4934
5703
12819
1298
6917
5152
8359
3847
8202
8602
2554
2961
3966
11957
3826
9385
12360
13392
12386
9595
5701
13648
9755
8146
4465
5851
4997
8219
5194
11913
3982
10385
5051
6544
6171
1897
5467
6410
2941
7729
12610
10078
13745
1768
6831
9412
5513
2415
8905
13552
4683
5189
12373
5579
9826
11328
3538
6997
3947
7994
8214
9725
3014
994
10446
10236
4455
1272
6763
613
3137
5530
10144
1419
8028
6821
3114
9659
1569
12813
13199
8608
8618
2690
10083
10942
8409
13417
12372
12909
10053
14404
2103
7542
8978
2391
12186
12563
3939
4515
11835
9265
11218
7254
9042
7851
7381
14175
14237
11586
9062
14208
5153
3036
5419
6631
10506
9872
7648
12510
6702
13931
1844
13547
3181
726
7856
9970
2123
11256
8071
1259
4565
13042
8011
5882
11397
3121
4673
2350
3885
8146
6109
8017
12802
1966
3532
14372
4316
9236
4935
8399
2330
5647
13640
14448
1719
4803
2692
6830
12844
8751
3181
6493
9852
1385
2239
7784
9648
5045
8930
11274
4614
6445
8741
8475
3516
8545
359
6537
4938
5433
5859
10116
9736
8338
662
7949
7191
8889
6520
9696
13710
3687
6077
13714
5605
13187
5498
13189
11339
13720
1007
12247
5616
13196
12251
9289
12069
13215
6496
7294
4131
10463
13351
14052
7972
5469
14012
3407
6748
4131
2921
12653
9495
6762
3623
6962
6798
8666
10987
1304
8562
3430
6703
14245
484
9570
13911
13086
4412
12572
14363
1221
13819
3192
14063
8408
4334
11414
4006
548
13336
13803
9656
3266
5753
7955
14177
8122
13987
2494
7987
13441
13928
5562
5289
7746
3556
1833
7972
12847
11805
960
8700
12949
12137
5072
12000
2615
6997
10665
11720
5622
12521
12860
12823
12786
12883
10422
11599
11032
7836
9107
7239
6887
4739
4035
13677
12540
5974
12940
7891
14196
3755
12729
13565
13023
11920
14246
8324
10521
11691
6063
7363
9852
6021
5757
9473
3058
11960
10919
7268
13827
12510
6171
945
11323
615
11217
1688
5215
7288
8236
13627
5425
14012
14292
14208
12503
6151
7314
2763
6875
3190
9453
4958
3338
11450
11313
11140
1384
8051
3657
12735
1637
4017
7487
5405
5295
5109
9970
1777
8772
1558
8307
9583
4633
13251
9633
12033
7317
9598
2164
5430
10460
5055
566
5433
6330
7796
2348
14542
1892
14355
1282
9245
2830
11374
6340
5330
5541
9017
14357
801
9831
9388
3821
1768
8945
12569
10377
11531
8335
7395
4642
2878
13215
13015
6098
2002
2694
7237
5094
6501
9855
2797
13473
12850
12204
12012
12266
7761
10002
13102
12270
10818
13105
3915
10822
7772
6435
7191
4569
6589
13209
3306
10483
6996
3848
13888
1347
10112
10595
5198
11813
9453
9181
1641
8140
3085
4835
4580
8468
1614
12504
6620
14546
490
10687
5425
13204
10123
14359
5810
8509
9981
6331
1278
726
11777
10481
6156
7834
11876
13452
4109
12110
5337
2750
12899
5045
7083
10438
14071
13460
707
8962
10009
5757
13331
5707
6613
6501
14306
12360
8399
3564
2898
359
11456
6620
8288
8095
7283
3114
3668
7478
11864
1067
8128
1892
2493
14161
5266
7422
14469
2752
14037
11211
14201
7235
5907
5212
3649
14248
1256
4353
8675
6425
9845
10138
12598
11298
12435
5275
12335
470
5132
7920
13373
12054
3643
7309
6377
13165
8795
14505
2303
2686
1481
5681
4751
6177
7185
5061
11646
10036
2509
8915
7611
12757
8386
14888
2480
14386
12589
1817
8375
10075
7647
8095
10023
9771
7946
700
6549
13886
9732
1754
13358
12828
8213
1892
7262
8554
3784
13657
14507
13213
1183
842
10940
8086
5164
10950
9318
8068
9285
9638
1304
9849
14338
13894
14541
10164
11170
311
7330
2493
3511
7306
11935
6678
3973
13851
2116
14623
9310
6515
14333
5407
7837
6263
12403
11669
12936
14345
9852
14772
7535
5588
5530
2201
12590
4670
7346
6134
7875
10512
14585
2488
7128
8825
7023
1105
6832
5516
7991
9068
49
9095
8672
3349
4396
2774
7524
8352
9235
7460
2737
8586
11964
9414
5312
3058
5485
12887
9392
14052
8922
5032
14450
13869
8832
8494
12961
10942
5120
9480
14534
5698
14121
6445
12133
14623
8404
13659
2141
10134
1347
9302
9520
13652
8089
9765
5531
12381
10006
7746
12022
1174
6395
5561
6297
12017
5956
7724
8140
6207
8980
8025
11634
7011
2493
8808
8682
14153
15127
8942
14012
6309
13941
2216
11968
7409
8207
4048
7927
8745
4408
2770
12224
4831
9093
14052
7515
10360
5933
5491
14496
7091
10083
2720
4041
11805
789
12796
11260
11160
12434
13846
2538
10488
662
10385
12297
7955
7557
12155
11888
9765
7707
11728
11245
6043
7285
14743
1133
6533
10685
3292
14437
3549
7156
13479
11643
7409
3364
13124
7927
14303
5681
14087
14907
12608
14234
8129
5809
11670
6513
2430
11001
8556
9629
11964
8083
1171
7348
8672
10553
9306
10685
8602
7382
10520
13349
803
6297
9704
12600
7007
1319
6798
6839
13883
662
13267
10349
3242
5553
2144
8542
5588
11930
13147
10454
7376
6925
4327
14674
5555
5562
6687
11043
7981
4118
8942
9470
6975
3495
9128
700
9094
14171
9380
7297
7281
11038
11747
11975
9358
3306
8095
9814
2878
11437
7914
10164
5622
7093
12360
5316
506
11708
359
8770
5401
5251
11641
11933
9033
6638
12985
4912
15200
1892
1946
9594
6266
5534
8790
11357
3355
11460
3443
7236
9002
6952
8332
6959
9592
12707
1293
10997
6340
10862
7723
14606
6894
14608
12238
14610
13716
14612
13718
5611
2638
13193
5615
6091
11344
12250
13725
13121
12308
1873
11694
10157
14109
6930
14564
8236
1047
15296
12798
7141
1127
7550
13320
2671
1768
8653
12405
11407
591
11136
11241
3114
14016
6856
2449
9101
5359
7038
14922
9709
14939
8610
12337
9867
10997
3588
6014
14889
8090
14324
11112
14961
6208
870
12782
12810
2278
10380
13819
9458
9498
15299
12364
3472
4994
9288
1719
10352
12087
8051
12040
6602
1127
14597
6051
3397
6192
3576
8640
10101
14425
2826
13443
14713
3312
11957
13034
11356
3724
10627
14505
14208
6837
14925
3848
11963
2374
9598
10982
645
12990
7237
7631
6063
14183
6774
10360
5931
4573
5633
9970
8415
11364
7831
1466
2791
13444
14941
13527
11042
1133
8048
11841
12301
4778
5405
5809
10283
8241
3821
6879
14225
1150
15054
12108
12597
12763
8976
9859
15249
5312
14771
8081
12064
3251
3114
7355
1768
14895
15414
11458
9736
8202
14047
2519
7903
9380
10246
13788
4713
14679
7796
12980
8031
6317
2494
3023
6507
10919
12856
3623
14966
5808
8572
12143
6709
870
8919
819
5632
5930
9088
9360
12994
6126
15299
10773
4796
14028
1902
13534
8101
9444
4515
5054
10167
8697
1298
5835
5937
9195
9125
13920
6393
5405
5222
971
11560
12953
8391
9125
7600
4997
14307
11119
10026
3352
7750
11770
5964
11519
3158
8095
9797
6992
15542
3844
15131
3270
14711
11919
2058
15027
12222
14310
9512
14302
13919
275
9953
6582
2619
13679
4064
9173
1466
10011
5785
319
8574
9111
3576
10039
4736
6545
6186
14750
6591
12687
9594
10364
2451
12785
8920
11991
4015
2800
9153
8640
14890
4465
374
7185
8219
3500
13967
6101
13825
1481
9083
1144
2501
13625
10233
2471
9852
14056
13468
14153
14208
12078
12847
7627
11407
5991
2442
10083
7465
13901
9204
9350
9797
5839
13735
12324
1754
10023
9845
7897
7346
9692
11762
1675
15213
11017
12361
6108
3079
7268
9578
8967
9595
14526
10043
7981
13057
10624
2826
3886
8672
3137
5357
4773
913
11201
9724
6757
10011
3680
15239
8147
11492
13527
8625
14093
14962
12252
1485
821
12284
9427
10531
10971
6501
7058
439
2022
3787
2208
7469
660
6236
10481
4930
2558
6024
1719
12853
14850
1060
2230
14522
527
14234
3947
13264
4217
6793
1945
14647
14480
1603
2669
9985
9922
6779
11125
6744
9696
12146
8123
6883
10205
6393
10444
13131
14562
14655
9516
7103
15693
15397
5433
5198
13180
10589
8469
5491
13055
10399
8554
14626
13368
13301
13022
1641
2537
8722
8681
734
8301
14391
3443
5650
8178
13554
1115
5246
7460
8060
15687
10244
1388
8241
9886
9970
9563
9337
12333
10360
7085
7416
6297
9338
8301
4748
11868
4094
7451
9860
10878
4593
13512
8344
6225
5120
12584
13063
8621
14510
4894
13282
10941
9962
14464
977
8239
10481
11506
11763
7468
7877
3443
12796
13089
13776
13827
4223
11364
4670
6395
5362
13838
14713
8228
3355
12457
2797
10942
11766
12552
3913
10435
5189
10421
7891
1776
8974
1647
13743
6469
8739
14565
14416
8671
9561
6531
6887
10057
11776
8475
3556
9444
7337
9345
5681
3957
12975
4277
7152
3847
12434
2708
15490
3124
13907
7570
14334
761
5984
8229
6687
1939
4018
14926
4584
4766
4569
7175
8490
13237
13883
14108
1170
15182
5681
10527
14391
6992
6563
7272
756
15165
13384
15376
6998
13639
15484
7720
789
10851
11144
2400
4713
8726
10108
15427
13948
11596
14234
13224
12131
11208
6217
5394
15216
2998
15530
5884
7903
9567
1282
13646
14469
11120
6151
1719
6545
7237
7354
5470
6275
4512
3905
14074
14171
5316
2239
7471
10727
8486
10257
6277
5017
9696
9942
8475
9782
3358
5867
15224
3375
5420
6197
6117
8667
7243
7445
7955
10942
11364
9033
14411
7743
9661
8936
1096
14538
15818
8588
7346
15370
6031
13327
3483
15253
11609
9407
11499
2578
6209
3890
3276
2299
9803
2010
13785
14891
6843
12339
5802
13491
10912
12945
10923
4718
8885
6756
9304
5361
13819
5222
13493
2039
2378
3523
12770
10077
15847
8377
2299
2043
9615
9594
14636
12553
8318
7026
4917
12065
8372
9103
4080
5076
9375
11467
15811
1751
8423
15191
15645
6620
12107
4584
8229
11936
7501
5238
5412
8146
7326
14934
3515
9807
9398
6169
9548
13106
3500
5596
3341
10210
11743
12031
10213
12033
6986
1215
11750
6989
14349
11150
4553
10426
545
10132
8434
12707
11879
7891
10421
11389
14052
14181
2572
8074
7346
8310
13551
1331
15521
14531
13172
4374
9917
12217
7391
11881
10177
1941
9993
3449
11318
5798
9143
9178
8274
13100
3585
10003
6925
2201
12641
5816
6886
12131
12032
15894
1212
5031
11720
12863
2281
10531
7438
5217
12566
1375
7697
9141
8534
13584
2695
3135
3047
14234
8027
15233
6612
15475
2519
13504
13890
12126
15540
8034
14876
16045
14262
1298
9195
6416
10132
6786
9990
13245
6369
11964
2559
13581
7011
10927
15434
5400
9972
3744
9696
14731
12672
4015
4285
10036
8266
5588
15024
12883
3266
10013
14268
4649
2442
7875
1639
15799
3711
351
5906
4861
11123
8522
9033
10411
11088
12172
6297
8858
7325
9981
10375
14517
12500
513
8359
14631
14535
4692
6522
13086
7938
15571
11758
14373
13446
12713
5084
15519
12434
8727
13697
14568
1925
8129
3192
2690
3438
14508
10424
6059
14014
1241
7460
10593
2519
11666
4521
3780
4125
9833
8255
8106
6927
14330
9571
1479
15208
2651
9161
14387
13514
1059
4130
12729
10683
1526
15646
13507
7833
10631
6395
3500
12433
2262
4553
15662
7066
12783
14277
6582
2756
8658
12733
6497
12760
11789
2466
5787
15679
13853
4997
7734
16179
15060
6275
4412
5384
3158
16032
6273
11744
4316
11746
5394
16037
6988
9115
14410
7964
3025
11321
2158
15334
16158
1453
7755
15483
12878
15692
10316
4737
8474
15302
13527
5403
4824
7521
1572
9028
14531
6667
14439
933
9228
7324
11168
7260
9598
13064
14095
7448
4705
11779
14205
10105
5164
5330
9837
8220
12173
15736
9057
9632
6445
9383
10184
6051
16273
7345
4572
10082
16226
12564
4008
12318
3079
7002
12603
16284
9002
2249
15873
439
14635
1768
8131
10518
12879
8895
15487
15660
12914
9333
2141
7884
12879
10155
13609
15665
6946
10650
1675
700
13765
6303
13639
5859
8243
2933
15734
10424
5226
287
6817
2455
5849
9660
9566
490
6106
2849
13452
5405
8131
13282
2218
12641
8534
10045
4553
12303
14125
9337
5968
5051
5585
7710
6948
5166
14117
2797
3787
10717
1117
13155
8077
14295
6257
10734
8137
6203
14751
6936
6123
10670
13300
8383
10675
12936
15716
5740
9412
14234
6533
4994
5029
13336
7437
2218
8721
3067
9713
10607
13649
4156
9133
10899
12539
6604
10902
5182
9139
7219
13937
9997
14130
10625
14369
10921
5839
5828
9570
5600
6703
8726
10526
6380
3364
11524
15112
13451
2480
8211
10164
16114
15701
12904
1201
10539
4412
3576
11121
14052
9398
15964
14387
2987
5384
6474
2419
11268
13639
12530
8779
12744
11287
12746
5076
11460
8554
4762
14424
2179
11493
11632
6034
15603
4252
14674
10256
10912
15447
7510
14043
7295
2057
14263
3089
10920
12402
9406
10867
803
6992
9484
15361
8169
5937
2681
5362
8181
8539
3666
4499
15108
4561
14566
13526
6449
13818
1560
12295
2740
11415
8757
10997
4869
13558
8670
16441
10928
1760
5787
15967
3085
6134
13113
3146
2786
9111
7205
16302
4407
6371
15064
14171
3591
13788
4046
14663
9265
13069
1943
14378
5182
12228
11445
11760
5271
8805
13810
10729
5388
15749
4068
9807
13806
16560
9220
15687
7004
2800
10761
5413
9225
4736
15678
12747
1641
7513
8586
5389
6576
11560
15011
13771
9130
15878
3045
7952
15062
9757
5105
3128
10131
15449
12284
12131
5362
13345
10997
6924
31

