69
88
69
61
108
122
119
10
70
76
65
71
83
61
32
45
87
97
108
108
271
103
10
35
32
79
80
84
73
79
78
269
271
68
68
69
66
85
71
10
282
284
286
269
10
301
36
40
257
69
41
32
58
32
109
97
105
110
46
111
32
100
105
99
116
105
111
110
110
312
114
101
315
32
99
111
109
112
327
115
115
322
314
316
100
101
331
333
335
337
323
329
114
108
328
111
10
9
103
99
99
271
316
303
305
307
311
313
329
318
320
338
325
105
327
329
343
334
101
336
338
365
342
332
374
376
347
316
349
351
301
363
339
308
310
312
314
357
366
321
323
369
371
104
330
380
345
377
400
341
373
403
347
104
353
355
357
303
265
267
83
307
303
297
285
287
307
45
357
388
46
394
319
396
324
326
328
400
407
375
346
314
405
379
344
436
404
301
395
368
432
329
309
445
397
447
428
367
451
370
433
401
441
382
438
317
440
381
437
46
410
354
356
32
414
266
268
418
40
420
299
423
453
430
398
328
479
446
456
466
458
464
404
462
435
460
466
301
491
465
316
309
495
377
357
499
409
317
429
484
399
490
402
442
409
411
469
471
71
65
417
470
475
283
421
517
424
487
408
393
524
510
461
450
431
485
439
502
438
444
463
525
448
508
459
465
501
509
492
405
505
455
507
406
544
465
467
412
518
415
473
518
476
422
271
394
537
528
427
527
545
504
454
531
549
563
545
301
385
539
575
357
575
553
513
40
556
517
419
520
477
561
32
577
589
350
493
10
99
350
97
110
308
353
114
109
271
102
271
118
32
42
46
355
400
608
352
46
80
72
286
89
390
595
101
597
494
596
325
275
619
624
600
602
45
604
45
606
360
258
41
629
603
605
32
122
105
112
638
631
640
117
110
642
644
614
616
78
618
498
624
274
108
10
256
