47
42
42
10
42
32
64
102
105
108
101
32
109
97
105
110
46
99
260
262
98
114
105
101
102
32
70
105
99
104
279
114
32
99
111
110
116
101
110
97
292
32
108
97
32
112
299
292
267
100
117
301
114
111
103
114
97
109
109
101
46
260
47
10
10
35
271
99
108
117
100
267
60
115
116
100
105
111
46
104
62
321
323
325
327
32
329
331
108
105
98
335
337
322
110
324
326
328
330
332
292
348
338
351
340
267
34
290
109
112
114
101
115
115
333
272
104
34
359
352
341
34
327
364
366
368
370
291
335
374
350
376
362
332
99
116
371
295
105
367
385
320
271
116
32
42
116
97
98
95
122
105
112
59
10
399
32
403
265
266
406
408
410
10
118
111
105
100
32
332
115
112
69
114
309
114
40
41
10
123
10
9
366
399
102
40
34
83
121
292
97
120
267
58
32
92
110
34
41
410
438
278
292
441
34
92
116
46
47
108
122
119
32
45
99
32
264
285
287
95
97
95
380
367
369
101
114
452
454
456
439
459
442
462
464
466
468
45
424
473
286
482
476
95
379
111
365
480
115
482
484
455
10
125
398
297
269
271
40
412
97
114
103
99
44
289
104
517
401
517
103
118
91
93
41
436
437
412
116
365
456
70
73
76
69
401
281
61
32
78
85
76
76
456
412
105
32
544
48
521
414
108
266
73
110
112
117
116
456
285
524
99
565
523
288
42
271
562
564
533
297
572
561
563
90
418
320
9
105
441
526
471
33
544
51
531
437
9
426
428
430
111
432
508
9
9
367
116
117
114
110
32
49
456
510
533
586
518
528
49
93
91
48
93
553
544
39
45
39
434
9
436
601
115
119
105
116
285
40
526
615
617
616
626
627
593
9
99
97
505
32
39
99
39
58
583
601
9
543
472
111
112
294
635
614
91
50
93
44
34
114
485
642
584
281
40
543
544
546
548
592
653
601
487
116
460
429
367
605
298
598
115
425
267
108
39
111
117
118
482
604
367
425
307
496
287
32
37
115
484
44
636
662
530
456
678
603
605
607
609
669
611
678
257
32
76
101
391
605
305
700
284
497
571
319
678
119
286
266
32
40
33
102
101
111
441
102
41
41
32
628
678
471
544
102
103
101
633
672
600
678
585
40
588
544
45
49
677
678
584
43
43
711
653
510
678
718
653
367
631
110
100
755
419
678
557
559
579
400
544
105
769
584
784
553
268
97
558
111
99
40
782
101
560
574
42
370
122
740
441
566
114
744
780
653
552
554
788
733
265
267
737
739
741
755
745
747
653
749
472
752
754
743
788
670
759
32
589
469
763
823
811
784
91
105
620
544
568
669
601
105
767
830
771
770
652
601
102
324
111
505
779
852
9
32
720
65
112
658
108
32
195
160
289
111
100
97
752
401
319
669
290
872
752
515
784
44
798
800
563
508
669
277
101
97
107
810
643
645
267
39
100
650
859
720
722
724
698
306
472
728
702
868
689
479
382
482
875
669
472
791
102
657
659
708
663
521
666
668
678
32
585
736
673
545
547
76
764
601
32
457
440
442
683
101
685
108
687
689
298
692
694
696
725
699
906
474
913
704
706
921
710
915
602
753
714
608
788
32
773
935
815
735
818
805
821
746
915
472
115
644
110
742
665
37
100
34
44
38
535
112
756
935
831
986
833
761
836
959
766
768
959
850
935
999
860
775
271
778
829
859
413
270
558
799
790
786
964
573
580
408
791
269
794
796
884
784
802
105
804
820
399
809
1007
812
32
48
964
968
817
738
971
743
822
959
102
976
296
979
34
981
983
985
365
988
860
990
365
992
835
934
1052
789
574
581
112
840
842
413
536
995
847
997
926
9
1001
965
1007
854
943
857
1006
669
501
503
382
371
881
1060
408
883
1009
783
574
887
678
889
891
893
327
102
97
117
108
116
651
678
595
683
598
433
788
713
606
963
888
367
1094
593
771
125
101
108
646
1104
597
599
780
1109
607
1033
509
10
256
